0
0.00613588464915448
0.0122715382857199
0.0184067299058048
0.0245412285229123
0.0306748031766366
0.0368072229413588
0.0429382569349408
0.0490676743274180
0.0551952443496899
0.0613207363022086
0.0674439195636641
0.0735645635996674
0.0796824379714301
0.0857973123444399
0.0919089564971327
0.0980171403295606
0.104121633872055
0.110222207293883
0.116318630911905
0.122410675199216
0.128498110793793
0.134580708507126
0.140658239332849
0.146730474455362
0.152797185258443
0.158858143333861
0.164913120489970
0.170961888760301
0.177004220412149
0.183039887955141
0.189068664149806
0.195090322016128
0.201104634842092
0.207111376192219
0.213110319916091
0.219101240156870
0.225083911359793
0.231058108280671
0.237023605994367
0.242980179903264
0.248927605745720
0.254865659604515
0.260794117915276
0.266712757474898
0.272621355449949
0.278519689385053
0.284407537211272
0.290284677254462
0.296150888243624
0.302005949319228
0.307849640041535
0.313681740398892
0.319502030816016
0.325310292162263
0.331106305759876
0.336889853392220
0.342660717311994
0.348418680249435
0.354163525420490
0.359895036534988
0.365612997804774
0.371317193951838
0.377007410216418
0.382683432365090
0.388345046698826
0.393992040061048
0.399624199845647
0.405241314004990
0.410843171057904
0.416429560097637
0.422000270799800
0.427555093430282
0.433093818853152
0.438616238538528
0.444122144570429
0.449611329654607
0.455083587126344
0.460538710958240
0.465976495767966
0.471396736825998
0.476799230063322
0.482183772079123
0.487550160148436
0.492898192229784
0.498227666972782
0.503538383725718
0.508830142543107
0.514102744193222
0.519355990165590
0.524589682678469
0.529803624686295
0.534997619887097
0.540171472729893
0.545324988422047
0.550457972936605
0.555570233019602
0.560661576197336
0.565731810783613
0.570780745886967
0.575808191417845
0.580813958095765
0.585797857456439
0.590759701858874
0.595699304492433
0.600616479383869
0.605511041404326
0.610382806276310
0.615231590580627
0.620057211763289
0.624859488142386
0.629638238914927
0.634393284163646
0.639124444863776
0.643831542889791
0.648514401022112
0.653172842953777
0.657806693297079
0.662415777590172
0.666999922303638
0.671558954847018
0.676092703575316
0.680600997795453
0.685083667772700
0.689540544737067
0.693971460889654
0.698376249408973
0.702754744457225
0.707106781186548
0.711432195745216
0.715730825283819
0.720002507961382
0.724247082951467
0.728464390448225
0.732654271672413
0.736816568877370
0.740951125354959
0.745057785441466
0.749136394523459
0.753186799043613
0.757208846506485
0.761202385484262
0.765167265622459
0.769103337645580
0.773010453362737
0.776888465673232
0.780737228572094
0.784556597155575
0.788346427626606
0.792106577300212
0.795836904608884
0.799537269107905
0.803207531480645
0.806847553543799
0.810457198252595
0.814036329705948
0.817584813151584
0.821102514991105
0.824589302785025
0.828045045257756
0.831469612302545
0.834862874986380
0.838224705554838
0.841554977436898
0.844853565249707
0.848120344803297
0.851355193105265
0.854557988365401
0.857728610000272
0.860866938637767
0.863972856121587
0.867046245515693
0.870086991108711
0.873094978418290
0.876070094195407
0.879012226428633
0.881921264348355
0.884797098430938
0.887639620402854
0.890448723244758
0.893224301195515
0.895966249756185
0.898674465693954
0.901348847046022
0.903989293123443
0.906595704514915
0.909167983090522
0.911706032005430
0.914209755703531
0.916679059921043
0.919113851690058
0.921514039342042
0.923879532511287
0.926210242138311
0.928506080473216
0.930766961078984
0.932992798834739
0.935183509938948
0.937339011912575
0.939459223602190
0.941544065183021
0.943593458161960
0.945607325380521
0.947585591017741
0.949528180593037
0.951435020969008
0.953306040354194
0.955141168305771
0.956940335732209
0.958703474895872
0.960430519415566
0.962121404269042
0.963776065795440
0.965394441697689
0.966976471044852
0.968522094274417
0.970031253194544
0.971503890986252
0.972939952205560
0.974339382785576
0.975702130038529
0.977028142657754
0.978317370719628
0.979569765685441
0.980785280403230
0.981963869109555
0.983105487431216
0.984210092386929
0.985277642388941
0.986308097244599
0.987301418157858
0.988257567730750
0.989176509964781
0.990058210262297
0.990902635427780
0.991709753669100
0.992479534598710
0.993211949234795
0.993906970002356
0.994564570734255
0.995184726672197
0.995767414467660
0.996312612182778
0.996820299291166
0.997290456678690
0.997723066644192
0.998118112900149
0.998475580573295
0.998795456205172
0.999077727752645
0.999322384588350
0.999529417501093
0.999698818696204
0.999830581795823
0.999924701839145
0.999981175282601
1
0.999981175282601
0.999924701839145
0.999830581795823
0.999698818696204
0.999529417501093
0.999322384588350
0.999077727752645
0.998795456205172
0.998475580573295
0.998118112900149
0.997723066644192
0.997290456678690
0.996820299291166
0.996312612182778
0.995767414467660
0.995184726672197
0.994564570734255
0.993906970002356
0.993211949234795
0.992479534598710
0.991709753669100
0.990902635427780
0.990058210262297
0.989176509964781
0.988257567730750
0.987301418157858
0.986308097244599
0.985277642388941
0.984210092386929
0.983105487431216
0.981963869109555
0.980785280403230
0.979569765685441
0.978317370719628
0.977028142657754
0.975702130038529
0.974339382785576
0.972939952205560
0.971503890986252
0.970031253194544
0.968522094274417
0.966976471044852
0.965394441697689
0.963776065795440
0.962121404269042
0.960430519415566
0.958703474895872
0.956940335732209
0.955141168305771
0.953306040354194
0.951435020969008
0.949528180593037
0.947585591017741
0.945607325380521
0.943593458161960
0.941544065183021
0.939459223602190
0.937339011912575
0.935183509938948
0.932992798834739
0.930766961078984
0.928506080473216
0.926210242138311
0.923879532511287
0.921514039342042
0.919113851690058
0.916679059921043
0.914209755703531
0.911706032005430
0.909167983090523
0.906595704514915
0.903989293123443
0.901348847046022
0.898674465693954
0.895966249756185
0.893224301195515
0.890448723244758
0.887639620402854
0.884797098430938
0.881921264348355
0.879012226428634
0.876070094195407
0.873094978418290
0.870086991108712
0.867046245515693
0.863972856121587
0.860866938637767
0.857728610000272
0.854557988365401
0.851355193105265
0.848120344803297
0.844853565249707
0.841554977436898
0.838224705554838
0.834862874986380
0.831469612302545
0.828045045257756
0.824589302785025
0.821102514991105
0.817584813151584
0.814036329705949
0.810457198252595
0.806847553543799
0.803207531480645
0.799537269107905
0.795836904608884
0.792106577300212
0.788346427626606
0.784556597155575
0.780737228572095
0.776888465673232
0.773010453362737
0.769103337645580
0.765167265622459
0.761202385484262
0.757208846506485
0.753186799043613
0.749136394523459
0.745057785441466
0.740951125354959
0.736816568877370
0.732654271672413
0.728464390448225
0.724247082951467
0.720002507961382
0.715730825283819
0.711432195745217
0.707106781186548
0.702754744457225
0.698376249408973
0.693971460889654
0.689540544737067
0.685083667772700
0.680600997795453
0.676092703575316
0.671558954847019
0.666999922303638
0.662415777590172
0.657806693297079
0.653172842953777
0.648514401022113
0.643831542889791
0.639124444863776
0.634393284163646
0.629638238914927
0.624859488142386
0.620057211763289
0.615231590580627
0.610382806276310
0.605511041404326
0.600616479383869
0.595699304492434
0.590759701858874
0.585797857456439
0.580813958095765
0.575808191417845
0.570780745886967
0.565731810783614
0.560661576197336
0.555570233019602
0.550457972936605
0.545324988422046
0.540171472729893
0.534997619887097
0.529803624686295
0.524589682678469
0.519355990165590
0.514102744193222
0.508830142543107
0.503538383725718
0.498227666972782
0.492898192229784
0.487550160148436
0.482183772079123
0.476799230063322
0.471396736825998
0.465976495767966
0.460538710958240
0.455083587126344
0.449611329654607
0.444122144570429
0.438616238538528
0.433093818853152
0.427555093430282
0.422000270799800
0.416429560097637
0.410843171057904
0.405241314004990
0.399624199845647
0.393992040061048
0.388345046698827
0.382683432365090
0.377007410216418
0.371317193951838
0.365612997804774
0.359895036534988
0.354163525420490
0.348418680249435
0.342660717311994
0.336889853392220
0.331106305759877
0.325310292162263
0.319502030816016
0.313681740398891
0.307849640041535
0.302005949319228
0.296150888243624
0.290284677254462
0.284407537211272
0.278519689385053
0.272621355449949
0.266712757474899
0.260794117915276
0.254865659604515
0.248927605745720
0.242980179903264
0.237023605994367
0.231058108280671
0.225083911359793
0.219101240156870
0.213110319916091
0.207111376192219
0.201104634842092
0.195090322016129
0.189068664149806
0.183039887955141
0.177004220412149
0.170961888760301
0.164913120489970
0.158858143333861
0.152797185258444
0.146730474455362
0.140658239332850
0.134580708507126
0.128498110793793
0.122410675199216
0.116318630911905
0.110222207293883
0.104121633872055
0.0980171403295608
0.0919089564971328
0.0857973123444402
0.0796824379714302
0.0735645635996677
0.0674439195636642
0.0613207363022085
0.0551952443496901
0.0490676743274180
0.0429382569349410
0.0368072229413588
0.0306748031766369
0.0245412285229123
0.0184067299058051
0.0122715382857200
0.00613588464915480
1.22464679914735e-16
-0.00613588464915455
-0.0122715382857198
-0.0184067299058049
-0.0245412285229121
-0.0306748031766366
-0.0368072229413586
-0.0429382569349408
-0.0490676743274177
-0.0551952443496899
-0.0613207363022082
-0.0674439195636639
-0.0735645635996675
-0.0796824379714300
-0.0857973123444399
-0.0919089564971325
-0.0980171403295606
-0.104121633872054
-0.110222207293883
-0.116318630911904
-0.122410675199216
-0.128498110793793
-0.134580708507126
-0.140658239332849
-0.146730474455362
-0.152797185258443
-0.158858143333861
-0.164913120489970
-0.170961888760301
-0.177004220412149
-0.183039887955141
-0.189068664149806
-0.195090322016128
-0.201104634842092
-0.207111376192219
-0.213110319916091
-0.219101240156870
-0.225083911359793
-0.231058108280671
-0.237023605994367
-0.242980179903264
-0.248927605745720
-0.254865659604514
-0.260794117915276
-0.266712757474898
-0.272621355449949
-0.278519689385053
-0.284407537211272
-0.290284677254462
-0.296150888243624
-0.302005949319228
-0.307849640041535
-0.313681740398891
-0.319502030816016
-0.325310292162263
-0.331106305759876
-0.336889853392220
-0.342660717311994
-0.348418680249435
-0.354163525420490
-0.359895036534988
-0.365612997804774
-0.371317193951837
-0.377007410216418
-0.382683432365090
-0.388345046698826
-0.393992040061048
-0.399624199845647
-0.405241314004990
-0.410843171057904
-0.416429560097637
-0.422000270799800
-0.427555093430282
-0.433093818853152
-0.438616238538527
-0.444122144570429
-0.449611329654607
-0.455083587126344
-0.460538710958240
-0.465976495767966
-0.471396736825998
-0.476799230063322
-0.482183772079123
-0.487550160148436
-0.492898192229784
-0.498227666972782
-0.503538383725718
-0.508830142543107
-0.514102744193222
-0.519355990165590
-0.524589682678469
-0.529803624686295
-0.534997619887097
-0.540171472729893
-0.545324988422046
-0.550457972936605
-0.555570233019602
-0.560661576197336
-0.565731810783613
-0.570780745886967
-0.575808191417845
-0.580813958095764
-0.585797857456439
-0.590759701858874
-0.595699304492433
-0.600616479383869
-0.605511041404325
-0.610382806276310
-0.615231590580627
-0.620057211763289
-0.624859488142386
-0.629638238914927
-0.634393284163645
-0.639124444863776
-0.643831542889791
-0.648514401022112
-0.653172842953777
-0.657806693297079
-0.662415777590172
-0.666999922303637
-0.671558954847018
-0.676092703575316
-0.680600997795453
-0.685083667772700
-0.689540544737067
-0.693971460889654
-0.698376249408973
-0.702754744457225
-0.707106781186548
-0.711432195745216
-0.715730825283819
-0.720002507961382
-0.724247082951467
-0.728464390448225
-0.732654271672413
-0.736816568877370
-0.740951125354959
-0.745057785441466
-0.749136394523459
-0.753186799043612
-0.757208846506484
-0.761202385484262
-0.765167265622459
-0.769103337645580
-0.773010453362737
-0.776888465673233
-0.780737228572094
-0.784556597155575
-0.788346427626606
-0.792106577300212
-0.795836904608884
-0.799537269107905
-0.803207531480645
-0.806847553543799
-0.810457198252595
-0.814036329705948
-0.817584813151584
-0.821102514991105
-0.824589302785025
-0.828045045257756
-0.831469612302545
-0.834862874986380
-0.838224705554838
-0.841554977436899
-0.844853565249707
-0.848120344803297
-0.851355193105265
-0.854557988365401
-0.857728610000272
-0.860866938637767
-0.863972856121587
-0.867046245515693
-0.870086991108711
-0.873094978418290
-0.876070094195407
-0.879012226428633
-0.881921264348355
-0.884797098430938
-0.887639620402854
-0.890448723244758
-0.893224301195515
-0.895966249756185
-0.898674465693954
-0.901348847046022
-0.903989293123443
-0.906595704514915
-0.909167983090522
-0.911706032005430
-0.914209755703531
-0.916679059921043
-0.919113851690058
-0.921514039342042
-0.923879532511287
-0.926210242138311
-0.928506080473216
-0.930766961078984
-0.932992798834739
-0.935183509938948
-0.937339011912575
-0.939459223602190
-0.941544065183021
-0.943593458161960
-0.945607325380521
-0.947585591017741
-0.949528180593037
-0.951435020969008
-0.953306040354194
-0.955141168305771
-0.956940335732209
-0.958703474895872
-0.960430519415566
-0.962121404269042
-0.963776065795440
-0.965394441697689
-0.966976471044852
-0.968522094274417
-0.970031253194544
-0.971503890986252
-0.972939952205560
-0.974339382785576
-0.975702130038529
-0.977028142657754
-0.978317370719628
-0.979569765685441
-0.980785280403230
-0.981963869109555
-0.983105487431216
-0.984210092386929
-0.985277642388941
-0.986308097244599
-0.987301418157858
-0.988257567730750
-0.989176509964781
-0.990058210262297
-0.990902635427780
-0.991709753669100
-0.992479534598710
-0.993211949234795
-0.993906970002356
-0.994564570734255
-0.995184726672197
-0.995767414467660
-0.996312612182778
-0.996820299291166
-0.997290456678690
-0.997723066644192
-0.998118112900149
-0.998475580573295
-0.998795456205172
-0.999077727752645
-0.999322384588349
-0.999529417501093
-0.999698818696204
-0.999830581795823
-0.999924701839145
-0.999981175282601
-1
-0.999981175282601
-0.999924701839145
-0.999830581795823
-0.999698818696204
-0.999529417501093
-0.999322384588350
-0.999077727752645
-0.998795456205172
-0.998475580573295
-0.998118112900149
-0.997723066644192
-0.997290456678690
-0.996820299291166
-0.996312612182778
-0.995767414467660
-0.995184726672197
-0.994564570734255
-0.993906970002356
-0.993211949234795
-0.992479534598710
-0.991709753669100
-0.990902635427780
-0.990058210262297
-0.989176509964781
-0.988257567730750
-0.987301418157858
-0.986308097244599
-0.985277642388941
-0.984210092386929
-0.983105487431216
-0.981963869109555
-0.980785280403230
-0.979569765685441
-0.978317370719628
-0.977028142657754
-0.975702130038529
-0.974339382785576
-0.972939952205560
-0.971503890986252
-0.970031253194544
-0.968522094274417
-0.966976471044852
-0.965394441697689
-0.963776065795440
-0.962121404269042
-0.960430519415566
-0.958703474895872
-0.956940335732209
-0.955141168305771
-0.953306040354194
-0.951435020969008
-0.949528180593037
-0.947585591017741
-0.945607325380521
-0.943593458161960
-0.941544065183021
-0.939459223602190
-0.937339011912575
-0.935183509938948
-0.932992798834739
-0.930766961078984
-0.928506080473216
-0.926210242138312
-0.923879532511287
-0.921514039342042
-0.919113851690058
-0.916679059921043
-0.914209755703531
-0.911706032005430
-0.909167983090523
-0.906595704514916
-0.903989293123443
-0.901348847046022
-0.898674465693954
-0.895966249756185
-0.893224301195515
-0.890448723244758
-0.887639620402854
-0.884797098430938
-0.881921264348355
-0.879012226428634
-0.876070094195407
-0.873094978418290
-0.870086991108712
-0.867046245515693
-0.863972856121587
-0.860866938637767
-0.857728610000272
-0.854557988365401
-0.851355193105265
-0.848120344803297
-0.844853565249707
-0.841554977436899
-0.838224705554838
-0.834862874986380
-0.831469612302546
-0.828045045257756
-0.824589302785025
-0.821102514991105
-0.817584813151584
-0.814036329705948
-0.810457198252595
-0.806847553543799
-0.803207531480645
-0.799537269107905
-0.795836904608884
-0.792106577300213
-0.788346427626606
-0.784556597155575
-0.780737228572095
-0.776888465673233
-0.773010453362737
-0.769103337645580
-0.765167265622459
-0.761202385484262
-0.757208846506485
-0.753186799043613
-0.749136394523460
-0.745057785441466
-0.740951125354959
-0.736816568877370
-0.732654271672413
-0.728464390448225
-0.724247082951467
-0.720002507961382
-0.715730825283819
-0.711432195745216
-0.707106781186548
-0.702754744457226
-0.698376249408973
-0.693971460889654
-0.689540544737067
-0.685083667772701
-0.680600997795453
-0.676092703575316
-0.671558954847019
-0.666999922303638
-0.662415777590172
-0.657806693297079
-0.653172842953777
-0.648514401022112
-0.643831542889792
-0.639124444863776
-0.634393284163646
-0.629638238914927
-0.624859488142387
-0.620057211763289
-0.615231590580627
-0.610382806276310
-0.605511041404326
-0.600616479383869
-0.595699304492433
-0.590759701858874
-0.585797857456439
-0.580813958095765
-0.575808191417845
-0.570780745886967
-0.565731810783614
-0.560661576197337
-0.555570233019602
-0.550457972936605
-0.545324988422047
-0.540171472729893
-0.534997619887097
-0.529803624686295
-0.524589682678469
-0.519355990165590
-0.514102744193222
-0.508830142543107
-0.503538383725718
-0.498227666972782
-0.492898192229784
-0.487550160148436
-0.482183772079123
-0.476799230063322
-0.471396736825998
-0.465976495767967
-0.460538710958240
-0.455083587126344
-0.449611329654607
-0.444122144570430
-0.438616238538528
-0.433093818853152
-0.427555093430283
-0.422000270799800
-0.416429560097637
-0.410843171057904
-0.405241314004990
-0.399624199845647
-0.393992040061048
-0.388345046698827
-0.382683432365090
-0.377007410216418
-0.371317193951838
-0.365612997804774
-0.359895036534988
-0.354163525420491
-0.348418680249435
-0.342660717311995
-0.336889853392220
-0.331106305759877
-0.325310292162263
-0.319502030816015
-0.313681740398892
-0.307849640041535
-0.302005949319229
-0.296150888243624
-0.290284677254463
-0.284407537211272
-0.278519689385054
-0.272621355449949
-0.266712757474899
-0.260794117915276
-0.254865659604514
-0.248927605745720
-0.242980179903264
-0.237023605994368
-0.231058108280671
-0.225083911359793
-0.219101240156870
-0.213110319916092
-0.207111376192219
-0.201104634842092
-0.195090322016129
-0.189068664149806
-0.183039887955141
-0.177004220412149
-0.170961888760302
-0.164913120489970
-0.158858143333862
-0.152797185258444
-0.146730474455362
-0.140658239332849
-0.134580708507126
-0.128498110793794
-0.122410675199216
-0.116318630911905
-0.110222207293883
-0.104121633872055
-0.0980171403295605
-0.0919089564971329
-0.0857973123444403
-0.0796824379714308
-0.0735645635996674
-0.0674439195636643
-0.0613207363022091
-0.0551952443496898
-0.0490676743274181
-0.0429382569349411
-0.0368072229413594
-0.0306748031766365
-0.0245412285229124
-0.0184067299058052
-0.0122715382857206
-0.00613588464915448
-1.13310777952960e-15
0.00613588464915399
0.0122715382857192
0.0184067299058038
0.0245412285229111
0.0306748031766361
0.0368072229413580
0.0429382569349398
0.0490676743274167
0.0551952443496893
0.0613207363022077
0.0674439195636629
0.0735645635996669
0.0796824379714294
0.0857973123444389
0.0919089564971315
0.0980171403295600
0.104121633872054
0.110222207293882
0.116318630911903
0.122410675199216
0.128498110793792
0.134580708507125
0.140658239332849
0.146730474455361
0.152797185258442
0.158858143333860
0.164913120489969
0.170961888760300
0.177004220412148
0.183039887955140
0.189068664149806
0.195090322016127
0.201104634842091
0.207111376192218
0.213110319916091
0.219101240156869
0.225083911359792
0.231058108280671
0.237023605994366
0.242980179903263
0.248927605745719
0.254865659604514
0.260794117915275
0.266712757474897
0.272621355449949
0.278519689385052
0.284407537211271
0.290284677254461
0.296150888243623
0.302005949319227
0.307849640041534
0.313681740398890
0.319502030816015
0.325310292162262
0.331106305759875
0.336889853392220
0.342660717311994
0.348418680249434
0.354163525420489
0.359895036534988
0.365612997804773
0.371317193951837
0.377007410216418
0.382683432365089
0.388345046698825
0.393992040061047
0.399624199845646
0.405241314004989
0.410843171057903
0.416429560097636
0.422000270799799
0.427555093430281
0.433093818853151
0.438616238538527
0.444122144570429
0.449611329654606
0.455083587126343
0.460538710958240
0.465976495767965
0.471396736825997
0.476799230063321
0.482183772079122
0.487550160148435
0.492898192229783
0.498227666972781
0.503538383725717
0.508830142543106
0.514102744193221
0.519355990165589
0.524589682678468
0.529803624686294
0.534997619887096
0.540171472729892
0.545324988422046
0.550457972936604
0.555570233019602
0.560661576197335
0.565731810783612
0.570780745886966
0.575808191417845
0.580813958095764
0.585797857456438
0.590759701858873
0.595699304492433
0.600616479383868
0.605511041404325
0.610382806276309
0.615231590580626
0.620057211763288
0.624859488142386
0.629638238914927
0.634393284163645
0.639124444863775
0.643831542889791
0.648514401022112
0.653172842953776
0.657806693297078
0.662415777590171
0.666999922303637
0.671558954847018
0.676092703575315
0.680600997795453
0.685083667772700
0.689540544737066
0.693971460889653
0.698376249408972
0.702754744457225
0.707106781186547
0.711432195745216
0.715730825283818
0.720002507961381
0.724247082951466
0.728464390448225
0.732654271672412
0.736816568877369
0.740951125354958
0.745057785441466
0.749136394523459
0.753186799043612
0.757208846506484
0.761202385484261
0.765167265622458
0.769103337645579
0.773010453362737
0.776888465673232
0.780737228572094
0.784556597155574
0.788346427626606
0.792106577300212
0.795836904608883
0.799537269107905
0.803207531480645
0.806847553543799
0.810457198252594
0.814036329705948
0.817584813151583
0.821102514991104
0.824589302785025
0.828045045257755
0.831469612302545
0.834862874986379
0.838224705554838
0.841554977436898
0.844853565249707
0.848120344803297
0.851355193105265
0.854557988365400
0.857728610000272
0.860866938637767
0.863972856121586
0.867046245515692
0.870086991108711
0.873094978418290
0.876070094195406
0.879012226428633
0.881921264348354
0.884797098430938
0.887639620402854
0.890448723244757
0.893224301195515
0.895966249756185
0.898674465693953
0.901348847046022
0.903989293123443
0.906595704514915
0.909167983090522
0.911706032005429
0.914209755703530
0.916679059921042
0.919113851690057
0.921514039342042
0.923879532511287
0.926210242138311
0.928506080473215
0.930766961078984
0.932992798834739
0.935183509938947
0.937339011912575
0.939459223602190
0.941544065183021
0.943593458161960
0.945607325380521
0.947585591017741
0.949528180593036
0.951435020969008
0.953306040354194
0.955141168305770
0.956940335732209
0.958703474895871
0.960430519415566
0.962121404269041
0.963776065795440
0.965394441697689
0.966976471044852
0.968522094274417
0.970031253194544
0.971503890986252
0.972939952205560
0.974339382785576
0.975702130038528
0.977028142657754
0.978317370719627
0.979569765685440
0.980785280403230
0.981963869109555
0.983105487431216
0.984210092386929
0.985277642388941
0.986308097244599
0.987301418157858
0.988257567730749
0.989176509964781
0.990058210262297
0.990902635427780
0.991709753669099
0.992479534598710
0.993211949234794
0.993906970002356
0.994564570734255
0.995184726672197
0.995767414467660
0.996312612182778
0.996820299291166
0.997290456678690
0.997723066644192
0.998118112900149
0.998475580573295
0.998795456205172
0.999077727752645
0.999322384588349
0.999529417501093
0.999698818696204
0.999830581795823
0.999924701839145
0.999981175282601
1
0.999981175282601
0.999924701839145
0.999830581795823
0.999698818696204
0.999529417501093
0.999322384588350
0.999077727752646
0.998795456205172
0.998475580573295
0.998118112900149
0.997723066644192
0.997290456678690
0.996820299291166
0.996312612182778
0.995767414467660
0.995184726672197
0.994564570734256
0.993906970002356
0.993211949234795
0.992479534598710
0.991709753669100
0.990902635427780
0.990058210262297
0.989176509964781
0.988257567730750
0.987301418157859
0.986308097244599
0.985277642388942
0.984210092386929
0.983105487431216
0.981963869109555
0.980785280403231
0.979569765685441
0.978317370719628
0.977028142657755
0.975702130038529
0.974339382785576
0.972939952205560
0.971503890986252
0.970031253194544
0.968522094274418
0.966976471044852
0.965394441697690
0.963776065795440
0.962121404269042
0.960430519415566
0.958703474895872
0.956940335732209
0.955141168305771
0.953306040354194
0.951435020969009
0.949528180593037
0.947585591017741
0.945607325380522
0.943593458161961
0.941544065183021
0.939459223602190
0.937339011912575
0.935183509938948
0.932992798834739
0.930766961078984
0.928506080473216
0.926210242138312
0.923879532511287
0.921514039342042
0.919113851690059
0.916679059921043
0.914209755703531
0.911706032005430
0.909167983090523
0.906595704514916
0.903989293123444
0.901348847046023
0.898674465693954
0.895966249756185
0.893224301195516
0.890448723244759
0.887639620402855
0.884797098430938
0.881921264348355
0.879012226428634
0.876070094195407
0.873094978418291
0.870086991108712
0.867046245515693
0.863972856121587
0.860866938637768
0.857728610000273
0.854557988365401
0.851355193105266
0.848120344803297
0.844853565249708
0.841554977436899
0.838224705554839
0.834862874986381
0.831469612302546
0.828045045257756
0.824589302785026
0.821102514991106
0.817584813151585
0.814036329705949
0.810457198252595
0.806847553543800
0.803207531480645
0.799537269107906
0.795836904608884
0.792106577300213
0.788346427626606
0.784556597155576
0.780737228572096
0.776888465673233
0.773010453362738
0.769103337645580
0.765167265622460
0.761202385484262
0.757208846506486
0.753186799043613
0.749136394523460
0.745057785441466
0.740951125354960
0.736816568877370
0.732654271672414
0.728464390448226
0.724247082951467
0.720002507961383
0.715730825283819
0.711432195745218
0.707106781186548
0.702754744457226
0.698376249408973
0.693971460889655
0.689540544737067
0.685083667772702
0.680600997795454
0.676092703575316
0.671558954847019
0.666999922303638
0.662415777590173
0.657806693297080
0.653172842953777
0.648514401022112
0.643831542889792
0.639124444863776
0.634393284163647
0.629638238914928
0.624859488142387
0.620057211763290
0.615231590580628
0.610382806276311
0.605511041404327
0.600616479383869
0.595699304492433
0.590759701858875
0.585797857456439
0.580813958095766
0.575808191417846
0.570780745886968
0.565731810783614
0.560661576197337
0.555570233019604
0.550457972936606
0.545324988422047
0.540171472729893
0.534997619887098
0.529803624686295
0.524589682678470
0.519355990165590
0.514102744193222
0.508830142543108
0.503538383725718
0.498227666972784
0.492898192229785
0.487550160148437
0.482183772079123
0.476799230063323
0.471396736825998
0.465976495767968
0.460538710958241
0.455083587126344
0.449611329654608
0.444122144570430
0.438616238538529
0.433093818853153
0.427555093430283
0.422000270799800
0.416429560097638
0.410843171057904
0.405241314004991
0.399624199845648
0.393992040061048
0.388345046698828
0.382683432365091
0.377007410216420
0.371317193951839
0.365612997804774
0.359895036534988
0.354163525420491
0.348418680249435
0.342660717311996
0.336889853392221
0.331106305759877
0.325310292162264
0.319502030816016
0.313681740398893
0.307849640041536
0.302005949319229
0.296150888243624
0.290284677254463
0.284407537211272
0.278519689385055
0.272621355449950
0.266712757474899
0.260794117915277
0.254865659604515
0.248927605745722
0.242980179903265
0.237023605994368
0.231058108280671
0.225083911359794
0.219101240156870
0.213110319916093
0.207111376192220
0.201104634842092
0.195090322016130
0.189068664149807
0.183039887955143
0.177004220412150
0.170961888760302
0.164913120489970
0.158858143333863
0.152797185258444
0.146730474455363
0.140658239332850
0.134580708507127
0.128498110793795
0.122410675199217
0.116318630911907
0.110222207293884
0.104121633872055
0.0980171403295606
0.0919089564971339
0.0857973123444404
0.0796824379714318
0.0735645635996684
0.0674439195636644
0.0613207363022101
0.0551952443496908
0.0490676743274200
0.0429382569349422
0.0368072229413595
0.0306748031766367
0.0245412285229135
0.0184067299058053
0.0122715382857216
0.00613588464915549
3.67394039744206e-16
-0.00613588464915298
-0.0122715382857191
-0.0184067299058028
-0.0245412285229110
-0.0306748031766359
-0.0368072229413588
-0.0429382569349396
-0.0490676743274175
-0.0551952443496883
-0.0613207363022076
-0.0674439195636637
-0.0735645635996659
-0.0796824379714293
-0.0857973123444379
-0.0919089564971314
-0.0980171403295599
-0.104121633872055
-0.110222207293882
-0.116318630911904
-0.122410675199215
-0.128498110793792
-0.134580708507126
-0.140658239332848
-0.146730474455361
-0.152797185258441
-0.158858143333860
-0.164913120489969
-0.170961888760301
-0.177004220412148
-0.183039887955140
-0.189068664149805
-0.195090322016127
-0.201104634842092
-0.207111376192217
-0.213110319916091
-0.219101240156868
-0.225083911359792
-0.231058108280670
-0.237023605994367
-0.242980179903263
-0.248927605745720
-0.254865659604513
-0.260794117915275
-0.266712757474898
-0.272621355449948
-0.278519689385052
-0.284407537211270
-0.290284677254461
-0.296150888243623
-0.302005949319228
-0.307849640041534
-0.313681740398891
-0.319502030816014
-0.325310292162262
-0.331106305759876
-0.336889853392219
-0.342660717311994
-0.348418680249433
-0.354163525420489
-0.359895036534987
-0.365612997804774
-0.371317193951836
-0.377007410216418
-0.382683432365088
-0.388345046698825
-0.393992040061048
-0.399624199845645
-0.405241314004989
-0.410843171057902
-0.416429560097636
-0.422000270799799
-0.427555093430282
-0.433093818853151
-0.438616238538527
-0.444122144570428
-0.449611329654606
-0.455083587126343
-0.460538710958239
-0.465976495767965
-0.471396736825996
-0.476799230063321
-0.482183772079122
-0.487550160148436
-0.492898192229783
-0.498227666972781
-0.503538383725716
-0.508830142543106
-0.514102744193221
-0.519355990165588
-0.524589682678468
-0.529803624686293
-0.534997619887096
-0.540171472729892
-0.545324988422046
-0.550457972936604
-0.555570233019602
-0.560661576197335
-0.565731810783612
-0.570780745886967
-0.575808191417844
-0.580813958095764
-0.585797857456437
-0.590759701858873
-0.595699304492433
-0.600616479383869
-0.605511041404325
-0.610382806276309
-0.615231590580626
-0.620057211763288
-0.624859488142386
-0.629638238914926
-0.634393284163645
-0.639124444863774
-0.643831542889790
-0.648514401022112
-0.653172842953777
-0.657806693297078
-0.662415777590171
-0.666999922303636
-0.671558954847018
-0.676092703575316
-0.680600997795452
-0.685083667772700
-0.689540544737065
-0.693971460889653
-0.698376249408972
-0.702754744457225
-0.707106781186547
-0.711432195745216
-0.715730825283817
-0.720002507961381
-0.724247082951467
-0.728464390448224
-0.732654271672412
-0.736816568877369
-0.740951125354958
-0.745057785441466
-0.749136394523459
-0.753186799043612
-0.757208846506484
-0.761202385484261
-0.765167265622458
-0.769103337645579
-0.773010453362736
-0.776888465673232
-0.780737228572093
-0.784556597155574
-0.788346427626606
-0.792106577300212
-0.795836904608883
-0.799537269107905
-0.803207531480644
-0.806847553543799
-0.810457198252595
-0.814036329705947
-0.817584813151583
-0.821102514991103
-0.824589302785024
-0.828045045257755
-0.831469612302545
-0.834862874986379
-0.838224705554838
-0.841554977436897
-0.844853565249707
-0.848120344803297
-0.851355193105264
-0.854557988365400
-0.857728610000271
-0.860866938637767
-0.863972856121586
-0.867046245515693
-0.870086991108711
-0.873094978418290
-0.876070094195406
-0.879012226428633
-0.881921264348355
-0.884797098430937
-0.887639620402854
-0.890448723244757
-0.893224301195515
-0.895966249756185
-0.898674465693954
-0.901348847046022
-0.903989293123443
-0.906595704514915
-0.909167983090522
-0.911706032005430
-0.914209755703530
-0.916679059921042
-0.919113851690058
-0.921514039342041
-0.923879532511286
-0.926210242138311
-0.928506080473215
-0.930766961078984
-0.932992798834738
-0.935183509938947
-0.937339011912575
-0.939459223602189
-0.941544065183021
-0.943593458161960
-0.945607325380521
-0.947585591017741
-0.949528180593037
-0.951435020969008
-0.953306040354194
-0.955141168305770
-0.956940335732209
-0.958703474895871
-0.960430519415565
-0.962121404269041
-0.963776065795440
-0.965394441697689
-0.966976471044852
-0.968522094274417
-0.970031253194544
-0.971503890986252
-0.972939952205560
-0.974339382785576
-0.975702130038529
-0.977028142657754
-0.978317370719627
-0.979569765685440
-0.980785280403230
-0.981963869109555
-0.983105487431216
-0.984210092386929
-0.985277642388941
-0.986308097244598
-0.987301418157858
-0.988257567730749
-0.989176509964781
-0.990058210262297
-0.990902635427780
-0.991709753669099
-0.992479534598710
-0.993211949234795
-0.993906970002356
-0.994564570734255
-0.995184726672197
-0.995767414467660
-0.996312612182778
-0.996820299291166
-0.997290456678690
-0.997723066644192
-0.998118112900149
-0.998475580573295
-0.998795456205172
-0.999077727752645
-0.999322384588349
-0.999529417501093
-0.999698818696204
-0.999830581795823
-0.999924701839145
-0.999981175282601
-1
-0.999981175282601
-0.999924701839145
-0.999830581795823
-0.999698818696204
-0.999529417501093
-0.999322384588350
-0.999077727752646
-0.998795456205172
-0.998475580573295
-0.998118112900149
-0.997723066644192
-0.997290456678690
-0.996820299291166
-0.996312612182778
-0.995767414467660
-0.995184726672197
-0.994564570734256
-0.993906970002356
-0.993211949234795
-0.992479534598710
-0.991709753669100
-0.990902635427780
-0.990058210262297
-0.989176509964781
-0.988257567730750
-0.987301418157859
-0.986308097244599
-0.985277642388942
-0.984210092386929
-0.983105487431216
-0.981963869109556
-0.980785280403231
-0.979569765685441
-0.978317370719628
-0.977028142657755
-0.975702130038529
-0.974339382785576
-0.972939952205560
-0.971503890986252
-0.970031253194544
-0.968522094274418
-0.966976471044853
-0.965394441697690
-0.963776065795440
-0.962121404269042
-0.960430519415566
-0.958703474895872
-0.956940335732209
-0.955141168305771
-0.953306040354194
-0.951435020969009
-0.949528180593037
-0.947585591017742
-0.945607325380522
-0.943593458161961
-0.941544065183021
-0.939459223602190
-0.937339011912575
-0.935183509938948
-0.932992798834739
-0.930766961078985
-0.928506080473216
-0.926210242138312
-0.923879532511287
-0.921514039342042
-0.919113851690058
-0.916679059921043
-0.914209755703531
-0.911706032005430
-0.909167983090523
-0.906595704514916
-0.903989293123444
-0.901348847046023
-0.898674465693954
-0.895966249756186
-0.893224301195516
-0.890448723244758
-0.887639620402855
-0.884797098430938
-0.881921264348355
-0.879012226428634
-0.876070094195407
-0.873094978418291
-0.870086991108712
-0.867046245515693
-0.863972856121588
-0.860866938637768
-0.857728610000272
-0.854557988365401
-0.851355193105266
-0.848120344803298
-0.844853565249708
-0.841554977436899
-0.838224705554839
-0.834862874986381
-0.831469612302546
-0.828045045257757
-0.824589302785026
-0.821102514991105
-0.817584813151585
-0.814036329705949
-0.810457198252595
-0.806847553543800
-0.803207531480645
-0.799537269107906
-0.795836904608884
-0.792106577300213
-0.788346427626607
-0.784556597155576
-0.780737228572095
-0.776888465673233
-0.773010453362738
-0.769103337645580
-0.765167265622460
-0.761202385484262
-0.757208846506486
-0.753186799043613
-0.749136394523460
-0.745057785441467
-0.740951125354960
-0.736816568877370
-0.732654271672414
-0.728464390448226
-0.724247082951467
-0.720002507961383
-0.715730825283819
-0.711432195745218
-0.707106781186549
-0.702754744457226
-0.698376249408974
-0.693971460889655
-0.689540544737067
-0.685083667772702
-0.680600997795454
-0.676092703575316
-0.671558954847020
-0.666999922303638
-0.662415777590173
-0.657806693297080
-0.653172842953777
-0.648514401022114
-0.643831542889792
-0.639124444863776
-0.634393284163647
-0.629638238914928
-0.624859488142387
-0.620057211763290
-0.615231590580628
-0.610382806276311
-0.605511041404327
-0.600616479383870
-0.595699304492435
-0.590759701858875
-0.585797857456439
-0.580813958095766
-0.575808191417846
-0.570780745886968
-0.565731810783615
-0.560661576197337
-0.555570233019604
-0.550457972936606
-0.545324988422047
-0.540171472729894
-0.534997619887098
-0.529803624686295
-0.524589682678470
-0.519355990165591
-0.514102744193222
-0.508830142543108
-0.503538383725718
-0.498227666972784
-0.492898192229785
-0.487550160148437
-0.482183772079124
-0.476799230063323
-0.471396736825998
-0.465976495767968
-0.460538710958241
-0.455083587126344
-0.449611329654608
-0.444122144570430
-0.438616238538528
-0.433093818853153
-0.427555093430283
-0.422000270799801
-0.416429560097638
-0.410843171057904
-0.405241314004991
-0.399624199845648
-0.393992040061049
-0.388345046698828
-0.382683432365091
-0.377007410216419
-0.371317193951839
-0.365612997804775
-0.359895036534990
-0.354163525420492
-0.348418680249435
-0.342660717311996
-0.336889853392221
-0.331106305759877
-0.325310292162264
-0.319502030816017
-0.313681740398892
-0.307849640041536
-0.302005949319229
-0.296150888243626
-0.290284677254464
-0.284407537211272
-0.278519689385055
-0.272621355449950
-0.266712757474899
-0.260794117915277
-0.254865659604515
-0.248927605745720
-0.242980179903265
-0.237023605994368
-0.231058108280673
-0.225083911359794
-0.219101240156870
-0.213110319916093
-0.207111376192220
-0.201104634842092
-0.195090322016130
-0.189068664149807
-0.183039887955141
-0.177004220412150
-0.170961888760302
-0.164913120489972
-0.158858143333863
-0.152797185258444
-0.146730474455364
-0.140658239332850
-0.134580708507127
-0.128498110793795
-0.122410675199217
-0.116318630911905
-0.110222207293884
-0.104121633872055
-0.0980171403295625
-0.0919089564971340
-0.0857973123444405
-0.0796824379714319
-0.0735645635996686
-0.0674439195636645
-0.0613207363022102
-0.0551952443496909
-0.0490676743274183
-0.0429382569349423
-0.0368072229413596
-0.0306748031766386
-0.0245412285229136
-0.0184067299058055
-0.0122715382857217
-0.00613588464915561