0
0.00306795676296598
0.00613588464915448
0.00920375478205982
0.0122715382857199
0.0153392062849881
0.0184067299058048
0.0214740802754695
0.0245412285229123
0.0276081457789657
0.0306748031766366
0.0337411718513776
0.0368072229413588
0.0398729275877398
0.0429382569349408
0.0460031821309146
0.0490676743274180
0.0521317046802833
0.0551952443496899
0.0582582645004358
0.0613207363022086
0.0643826309298575
0.0674439195636641
0.0705045733896139
0.0735645635996674
0.0766238613920315
0.0796824379714301
0.0827402645493757
0.0857973123444399
0.0888535525825246
0.0919089564971327
0.0949634953296390
0.0980171403295606
0.101069862754828
0.104121633872055
0.107172424956809
0.110222207293883
0.113270952177564
0.116318630911905
0.119365214810991
0.122410675199216
0.125454983411546
0.128498110793793
0.131540028702883
0.134580708507126
0.137620121586486
0.140658239332849
0.143695033150294
0.146730474455362
0.149764534677322
0.152797185258443
0.155828397654265
0.158858143333861
0.161886393780112
0.164913120489970
0.167938294974731
0.170961888760301
0.173983873387464
0.177004220412149
0.180022901405700
0.183039887955141
0.186055151663447
0.189068664149806
0.192080397049892
0.195090322016128
0.198098410717954
0.201104634842092
0.204108966092817
0.207111376192219
0.210111836880470
0.213110319916091
0.216106797076220
0.219101240156870
0.222093620973204
0.225083911359793
0.228072083170886
0.231058108280671
0.234041958583543
0.237023605994367
0.240003022448742
0.242980179903264
0.245955050335795
0.248927605745720
0.251897818154217
0.254865659604515
0.257831102162159
0.260794117915276
0.263754678974831
0.266712757474898
0.269668325572915
0.272621355449949
0.275571819310958
0.278519689385053
0.281464937925758
0.284407537211272
0.287347459544730
0.290284677254462
0.293219162694259
0.296150888243624
0.299079826308041
0.302005949319228
0.304929229735402
0.307849640041535
0.310767152749612
0.313681740398892
0.316593375556166
0.319502030816016
0.322407678801070
0.325310292162263
0.328209843579093
0.331106305759876
0.333999651442009
0.336889853392220
0.339776884406827
0.342660717311994
0.345541324963989
0.348418680249435
0.351292756085567
0.354163525420490
0.357030961233430
0.359895036534988
0.362755724367397
0.365612997804774
0.368466829953372
0.371317193951838
0.374164062971458
0.377007410216418
0.379847208924051
0.382683432365090
0.385516053843919
0.388345046698826
0.391170384302254
0.393992040061048
0.396809987416710
0.399624199845647
0.402434650859418
0.405241314004990
0.408044162864979
0.410843171057904
0.413638312238435
0.416429560097637
0.419216888363224
0.422000270799800
0.424779681209109
0.427555093430282
0.430326481340083
0.433093818853152
0.435857079922256
0.438616238538528
0.441371268731717
0.444122144570429
0.446868840162374
0.449611329654607
0.452349587233771
0.455083587126344
0.457813303598877
0.460538710958240
0.463259783551860
0.465976495767966
0.468688822035828
0.471396736825998
0.474100214650550
0.476799230063322
0.479493757660153
0.482183772079123
0.484869248000791
0.487550160148436
0.490226483288291
0.492898192229784
0.495565261825773
0.498227666972782
0.500885382611241
0.503538383725718
0.506186645345155
0.508830142543107
0.511468850437970
0.514102744193222
0.516731799017650
0.519355990165590
0.521975292937154
0.524589682678469
0.527199134781901
0.529803624686295
0.532403127877198
0.534997619887097
0.537587076295645
0.540171472729893
0.542750784864516
0.545324988422047
0.547894059173100
0.550457972936605
0.553016705580028
0.555570233019602
0.558118531220556
0.560661576197336
0.563199344013834
0.565731810783613
0.568258952670132
0.570780745886967
0.573297166698042
0.575808191417845
0.578313796411656
0.580813958095765
0.583308652937698
0.585797857456439
0.588281548222645
0.590759701858874
0.593232295039800
0.595699304492433
0.598160706996342
0.600616479383869
0.603066598540348
0.605511041404326
0.607949784967774
0.610382806276310
0.612810082429410
0.615231590580627
0.617647307937804
0.620057211763289
0.622461279374150
0.624859488142386
0.627251815495144
0.629638238914927
0.632018735939809
0.634393284163646
0.636761861236284
0.639124444863776
0.641481012808583
0.643831542889791
0.646176012983316
0.648514401022112
0.650846684996381
0.653172842953777
0.655492852999615
0.657806693297079
0.660114342067421
0.662415777590172
0.664710978203345
0.666999922303638
0.669282588346636
0.671558954847018
0.673829000378756
0.676092703575316
0.678350043129862
0.680600997795453
0.682845546385248
0.685083667772700
0.687315340891759
0.689540544737067
0.691759258364158
0.693971460889654
0.696177131491463
0.698376249408973
0.700568793943248
0.702754744457225
0.704934080375905
0.707106781186548
0.709272826438866
0.711432195745216
0.713584868780794
0.715730825283819
0.717870045055732
0.720002507961382
0.722128193929215
0.724247082951467
0.726359155084346
0.728464390448225
0.730562769227828
0.732654271672413
0.734738878095963
0.736816568877370
0.738887324460615
0.740951125354959
0.743007952135122
0.745057785441466
0.747100605980180
0.749136394523459
0.751165131909686
0.753186799043613
0.755201376896537
0.757208846506485
0.759209188978388
0.761202385484262
0.763188417263381
0.765167265622459
0.767138911935820
0.769103337645580
0.771060524261814
0.773010453362737
0.774953106594874
0.776888465673232
0.778816512381476
0.780737228572094
0.782650596166576
0.784556597155575
0.786455213599086
0.788346427626606
0.790230221437310
0.792106577300212
0.793975477554337
0.795836904608884
0.797690840943391
0.799537269107905
0.801376171723140
0.803207531480645
0.805031331142964
0.806847553543799
0.808656181588175
0.810457198252595
0.812250586585204
0.814036329705948
0.815814410806734
0.817584813151584
0.819347520076797
0.821102514991105
0.822849781375826
0.824589302785025
0.826321062845664
0.828045045257756
0.829761233794523
0.831469612302545
0.833170164701913
0.834862874986380
0.836547727223512
0.838224705554838
0.839893794195999
0.841554977436898
0.843208239641845
0.844853565249707
0.846490938774052
0.848120344803297
0.849741768000852
0.851355193105265
0.852960604930364
0.854557988365401
0.856147328375195
0.857728610000272
0.859301818357008
0.860866938637767
0.862423956111041
0.863972856121587
0.865513624090569
0.867046245515693
0.868570705971341
0.870086991108711
0.871595086655951
0.873094978418290
0.874586652278176
0.876070094195407
0.877545290207261
0.879012226428633
0.880470889052161
0.881921264348355
0.883363338665732
0.884797098430938
0.886222530148881
0.887639620402854
0.889048355854665
0.890448723244758
0.891840709392343
0.893224301195515
0.894599485631383
0.895966249756185
0.897324580705418
0.898674465693954
0.900015892016160
0.901348847046022
0.902673318237259
0.903989293123443
0.905296759318119
0.906595704514915
0.907886116487666
0.909167983090522
0.910441292258067
0.911706032005430
0.912962190428398
0.914209755703531
0.915448716088268
0.916679059921043
0.917900775621390
0.919113851690058
0.920318276709111
0.921514039342042
0.922701128333879
0.923879532511287
0.925049240782678
0.926210242138311
0.927362525650401
0.928506080473216
0.929640895843181
0.930766961078984
0.931884265581668
0.932992798834739
0.934092550404259
0.935183509938948
0.936265667170278
0.937339011912575
0.938403534063108
0.939459223602190
0.940506070593268
0.941544065183021
0.942573197601447
0.943593458161960
0.944604837261480
0.945607325380521
0.946600913083284
0.947585591017741
0.948561349915730
0.949528180593037
0.950486073949482
0.951435020969008
0.952375012719766
0.953306040354194
0.954228095109106
0.955141168305771
0.956045251349996
0.956940335732209
0.957826413027533
0.958703474895872
0.959571513081985
0.960430519415566
0.961280485811321
0.962121404269042
0.962953266873684
0.963776065795440
0.964589793289813
0.965394441697689
0.966190003445413
0.966976471044852
0.967753837093476
0.968522094274417
0.969281235356549
0.970031253194544
0.970772140728950
0.971503890986252
0.972226497078936
0.972939952205560
0.973644249650812
0.974339382785576
0.975025345066994
0.975702130038529
0.976369731330021
0.977028142657754
0.977677357824510
0.978317370719628
0.978948175319062
0.979569765685441
0.980182135968117
0.980785280403230
0.981379193313755
0.981963869109555
0.982539302287441
0.983105487431216
0.983662419211730
0.984210092386929
0.984748501801904
0.985277642388941
0.985797509167567
0.986308097244599
0.986809401814185
0.987301418157858
0.987784141644572
0.988257567730750
0.988721691960324
0.989176509964781
0.989622017463201
0.990058210262297
0.990485084256457
0.990902635427780
0.991310859846115
0.991709753669100
0.992099313142192
0.992479534598710
0.992850414459865
0.993211949234795
0.993564135520595
0.993906970002356
0.994240449453188
0.994564570734255
0.994879330794806
0.995184726672197
0.995480755491927
0.995767414467660
0.996044700901252
0.996312612182778
0.996571145790555
0.996820299291166
0.997060070339483
0.997290456678690
0.997511456140304
0.997723066644192
0.997925286198596
0.998118112900149
0.998301544933893
0.998475580573295
0.998640218180265
0.998795456205172
0.998941293186857
0.999077727752645
0.999204758618364
0.999322384588350
0.999430604555462
0.999529417501093
0.999618822495179
0.999698818696204
0.999769405351215
0.999830581795823
0.999882347454213
0.999924701839145
0.999957644551964
0.999981175282601
0.999995293809576
1
0.999995293809576
0.999981175282601
0.999957644551964
0.999924701839145
0.999882347454213
0.999830581795823
0.999769405351215
0.999698818696204
0.999618822495179
0.999529417501093
0.999430604555462
0.999322384588350
0.999204758618364
0.999077727752645
0.998941293186857
0.998795456205172
0.998640218180265
0.998475580573295
0.998301544933893
0.998118112900149
0.997925286198596
0.997723066644192
0.997511456140304
0.997290456678690
0.997060070339483
0.996820299291166
0.996571145790555
0.996312612182778
0.996044700901252
0.995767414467660
0.995480755491927
0.995184726672197
0.994879330794806
0.994564570734255
0.994240449453188
0.993906970002356
0.993564135520595
0.993211949234795
0.992850414459865
0.992479534598710
0.992099313142192
0.991709753669100
0.991310859846115
0.990902635427780
0.990485084256457
0.990058210262297
0.989622017463201
0.989176509964781
0.988721691960324
0.988257567730750
0.987784141644572
0.987301418157858
0.986809401814186
0.986308097244599
0.985797509167568
0.985277642388941
0.984748501801904
0.984210092386929
0.983662419211730
0.983105487431216
0.982539302287441
0.981963869109555
0.981379193313755
0.980785280403230
0.980182135968117
0.979569765685441
0.978948175319062
0.978317370719628
0.977677357824510
0.977028142657754
0.976369731330021
0.975702130038529
0.975025345066994
0.974339382785576
0.973644249650812
0.972939952205560
0.972226497078936
0.971503890986252
0.970772140728950
0.970031253194544
0.969281235356549
0.968522094274417
0.967753837093476
0.966976471044852
0.966190003445413
0.965394441697689
0.964589793289813
0.963776065795440
0.962953266873684
0.962121404269042
0.961280485811321
0.960430519415566
0.959571513081985
0.958703474895872
0.957826413027533
0.956940335732209
0.956045251349997
0.955141168305771
0.954228095109106
0.953306040354194
0.952375012719766
0.951435020969008
0.950486073949482
0.949528180593037
0.948561349915730
0.947585591017741
0.946600913083284
0.945607325380521
0.944604837261480
0.943593458161960
0.942573197601447
0.941544065183021
0.940506070593268
0.939459223602190
0.938403534063108
0.937339011912575
0.936265667170278
0.935183509938948
0.934092550404259
0.932992798834739
0.931884265581668
0.930766961078984
0.929640895843181
0.928506080473216
0.927362525650401
0.926210242138311
0.925049240782678
0.923879532511287
0.922701128333879
0.921514039342042
0.920318276709111
0.919113851690058
0.917900775621391
0.916679059921043
0.915448716088268
0.914209755703531
0.912962190428398
0.911706032005430
0.910441292258067
0.909167983090523
0.907886116487666
0.906595704514915
0.905296759318119
0.903989293123443
0.902673318237259
0.901348847046022
0.900015892016160
0.898674465693954
0.897324580705418
0.895966249756185
0.894599485631383
0.893224301195515
0.891840709392343
0.890448723244758
0.889048355854665
0.887639620402854
0.886222530148881
0.884797098430938
0.883363338665732
0.881921264348355
0.880470889052161
0.879012226428634
0.877545290207261
0.876070094195407
0.874586652278176
0.873094978418290
0.871595086655951
0.870086991108712
0.868570705971341
0.867046245515693
0.865513624090569
0.863972856121587
0.862423956111041
0.860866938637767
0.859301818357009
0.857728610000272
0.856147328375195
0.854557988365401
0.852960604930364
0.851355193105265
0.849741768000853
0.848120344803297
0.846490938774052
0.844853565249707
0.843208239641845
0.841554977436898
0.839893794196000
0.838224705554838
0.836547727223512
0.834862874986380
0.833170164701913
0.831469612302545
0.829761233794523
0.828045045257756
0.826321062845664
0.824589302785025
0.822849781375826
0.821102514991105
0.819347520076797
0.817584813151584
0.815814410806734
0.814036329705949
0.812250586585204
0.810457198252595
0.808656181588175
0.806847553543799
0.805031331142964
0.803207531480645
0.801376171723140
0.799537269107905
0.797690840943391
0.795836904608884
0.793975477554337
0.792106577300212
0.790230221437310
0.788346427626606
0.786455213599086
0.784556597155575
0.782650596166576
0.780737228572095
0.778816512381476
0.776888465673232
0.774953106594874
0.773010453362737
0.771060524261814
0.769103337645580
0.767138911935820
0.765167265622459
0.763188417263381
0.761202385484262
0.759209188978388
0.757208846506485
0.755201376896536
0.753186799043613
0.751165131909687
0.749136394523459
0.747100605980180
0.745057785441466
0.743007952135122
0.740951125354959
0.738887324460615
0.736816568877370
0.734738878095964
0.732654271672413
0.730562769227828
0.728464390448225
0.726359155084346
0.724247082951467
0.722128193929216
0.720002507961382
0.717870045055732
0.715730825283819
0.713584868780794
0.711432195745217
0.709272826438866
0.707106781186548
0.704934080375905
0.702754744457225
0.700568793943248
0.698376249408973
0.696177131491463
0.693971460889654
0.691759258364158
0.689540544737067
0.687315340891759
0.685083667772700
0.682845546385248
0.680600997795453
0.678350043129862
0.676092703575316
0.673829000378756
0.671558954847019
0.669282588346636
0.666999922303638
0.664710978203345
0.662415777590172
0.660114342067421
0.657806693297079
0.655492852999616
0.653172842953777
0.650846684996381
0.648514401022113
0.646176012983317
0.643831542889791
0.641481012808583
0.639124444863776
0.636761861236284
0.634393284163646
0.632018735939809
0.629638238914927
0.627251815495144
0.624859488142386
0.622461279374150
0.620057211763289
0.617647307937804
0.615231590580627
0.612810082429410
0.610382806276310
0.607949784967774
0.605511041404326
0.603066598540348
0.600616479383869
0.598160706996342
0.595699304492434
0.593232295039800
0.590759701858874
0.588281548222645
0.585797857456439
0.583308652937699
0.580813958095765
0.578313796411656
0.575808191417845
0.573297166698042
0.570780745886967
0.568258952670132
0.565731810783614
0.563199344013834
0.560661576197336
0.558118531220556
0.555570233019602
0.553016705580028
0.550457972936605
0.547894059173100
0.545324988422046
0.542750784864516
0.540171472729893
0.537587076295646
0.534997619887097
0.532403127877198
0.529803624686295
0.527199134781901
0.524589682678469
0.521975292937155
0.519355990165590
0.516731799017650
0.514102744193222
0.511468850437971
0.508830142543107
0.506186645345155
0.503538383725718
0.500885382611241
0.498227666972782
0.495565261825773
0.492898192229784
0.490226483288291
0.487550160148436
0.484869248000791
0.482183772079123
0.479493757660153
0.476799230063322
0.474100214650550
0.471396736825998
0.468688822035828
0.465976495767966
0.463259783551860
0.460538710958240
0.457813303598877
0.455083587126344
0.452349587233771
0.449611329654607
0.446868840162374
0.444122144570429
0.441371268731717
0.438616238538528
0.435857079922256
0.433093818853152
0.430326481340083
0.427555093430282
0.424779681209109
0.422000270799800
0.419216888363224
0.416429560097637
0.413638312238435
0.410843171057904
0.408044162864979
0.405241314004990
0.402434650859419
0.399624199845647
0.396809987416710
0.393992040061048
0.391170384302254
0.388345046698827
0.385516053843919
0.382683432365090
0.379847208924051
0.377007410216418
0.374164062971458
0.371317193951838
0.368466829953373
0.365612997804774
0.362755724367397
0.359895036534988
0.357030961233430
0.354163525420490
0.351292756085567
0.348418680249435
0.345541324963989
0.342660717311994
0.339776884406827
0.336889853392220
0.333999651442009
0.331106305759877
0.328209843579093
0.325310292162263
0.322407678801070
0.319502030816016
0.316593375556166
0.313681740398891
0.310767152749612
0.307849640041535
0.304929229735403
0.302005949319228
0.299079826308041
0.296150888243624
0.293219162694259
0.290284677254462
0.287347459544730
0.284407537211272
0.281464937925758
0.278519689385053
0.275571819310958
0.272621355449949
0.269668325572915
0.266712757474899
0.263754678974832
0.260794117915276
0.257831102162159
0.254865659604515
0.251897818154217
0.248927605745720
0.245955050335795
0.242980179903264
0.240003022448742
0.237023605994367
0.234041958583544
0.231058108280671
0.228072083170886
0.225083911359793
0.222093620973204
0.219101240156870
0.216106797076219
0.213110319916091
0.210111836880470
0.207111376192219
0.204108966092817
0.201104634842092
0.198098410717954
0.195090322016129
0.192080397049892
0.189068664149806
0.186055151663447
0.183039887955141
0.180022901405700
0.177004220412149
0.173983873387464
0.170961888760301
0.167938294974731
0.164913120489970
0.161886393780112
0.158858143333861
0.155828397654265
0.152797185258444
0.149764534677321
0.146730474455362
0.143695033150295
0.140658239332850
0.137620121586486
0.134580708507126
0.131540028702883
0.128498110793793
0.125454983411546
0.122410675199216
0.119365214810992
0.116318630911905
0.113270952177564
0.110222207293883
0.107172424956809
0.104121633872055
0.101069862754828
0.0980171403295608
0.0949634953296389
0.0919089564971328
0.0888535525825248
0.0857973123444402
0.0827402645493756
0.0796824379714302
0.0766238613920317
0.0735645635996677
0.0705045733896139
0.0674439195636642
0.0643826309298577
0.0613207363022085
0.0582582645004358
0.0551952443496901
0.0521317046802836
0.0490676743274180
0.0460031821309147
0.0429382569349410
0.0398729275877401
0.0368072229413588
0.0337411718513777
0.0306748031766369
0.0276081457789657
0.0245412285229123
0.0214740802754697
0.0184067299058051
0.0153392062849881
0.0122715382857200
0.00920375478206002
0.00613588464915480
0.00306795676296598
1.22464679914735e-16
-0.00306795676296573
-0.00613588464915455
-0.00920375478205978
-0.0122715382857198
-0.0153392062849878
-0.0184067299058049
-0.0214740802754694
-0.0245412285229121
-0.0276081457789654
-0.0306748031766366
-0.0337411718513775
-0.0368072229413586
-0.0398729275877399
-0.0429382569349408
-0.0460031821309145
-0.0490676743274177
-0.0521317046802834
-0.0551952443496899
-0.0582582645004356
-0.0613207363022082
-0.0643826309298575
-0.0674439195636639
-0.0705045733896136
-0.0735645635996675
-0.0766238613920314
-0.0796824379714300
-0.0827402645493754
-0.0857973123444399
-0.0888535525825245
-0.0919089564971325
-0.0949634953296387
-0.0980171403295606
-0.101069862754828
-0.104121633872054
-0.107172424956809
-0.110222207293883
-0.113270952177564
-0.116318630911904
-0.119365214810991
-0.122410675199216
-0.125454983411546
-0.128498110793793
-0.131540028702883
-0.134580708507126
-0.137620121586486
-0.140658239332849
-0.143695033150294
-0.146730474455362
-0.149764534677321
-0.152797185258443
-0.155828397654265
-0.158858143333861
-0.161886393780112
-0.164913120489970
-0.167938294974731
-0.170961888760301
-0.173983873387464
-0.177004220412149
-0.180022901405699
-0.183039887955141
-0.186055151663447
-0.189068664149806
-0.192080397049892
-0.195090322016128
-0.198098410717954
-0.201104634842092
-0.204108966092817
-0.207111376192219
-0.210111836880470
-0.213110319916091
-0.216106797076219
-0.219101240156870
-0.222093620973203
-0.225083911359793
-0.228072083170886
-0.231058108280671
-0.234041958583543
-0.237023605994367
-0.240003022448742
-0.242980179903264
-0.245955050335794
-0.248927605745720
-0.251897818154217
-0.254865659604514
-0.257831102162159
-0.260794117915276
-0.263754678974831
-0.266712757474898
-0.269668325572915
-0.272621355449949
-0.275571819310958
-0.278519689385053
-0.281464937925758
-0.284407537211272
-0.287347459544729
-0.290284677254462
-0.293219162694259
-0.296150888243624
-0.299079826308040
-0.302005949319228
-0.304929229735402
-0.307849640041535
-0.310767152749611
-0.313681740398891
-0.316593375556166
-0.319502030816016
-0.322407678801070
-0.325310292162263
-0.328209843579093
-0.331106305759876
-0.333999651442009
-0.336889853392220
-0.339776884406827
-0.342660717311994
-0.345541324963989
-0.348418680249435
-0.351292756085567
-0.354163525420490
-0.357030961233430
-0.359895036534988
-0.362755724367397
-0.365612997804774
-0.368466829953372
-0.371317193951837
-0.374164062971458
-0.377007410216418
-0.379847208924051
-0.382683432365090
-0.385516053843919
-0.388345046698826
-0.391170384302254
-0.393992040061048
-0.396809987416710
-0.399624199845647
-0.402434650859418
-0.405241314004990
-0.408044162864978
-0.410843171057904
-0.413638312238434
-0.416429560097637
-0.419216888363224
-0.422000270799800
-0.424779681209109
-0.427555093430282
-0.430326481340083
-0.433093818853152
-0.435857079922255
-0.438616238538527
-0.441371268731717
-0.444122144570429
-0.446868840162374
-0.449611329654607
-0.452349587233771
-0.455083587126344
-0.457813303598877
-0.460538710958240
-0.463259783551860
-0.465976495767966
-0.468688822035828
-0.471396736825998
-0.474100214650550
-0.476799230063322
-0.479493757660153
-0.482183772079123
-0.484869248000791
-0.487550160148436
-0.490226483288291
-0.492898192229784
-0.495565261825772
-0.498227666972782
-0.500885382611241
-0.503538383725718
-0.506186645345155
-0.508830142543107
-0.511468850437970
-0.514102744193222
-0.516731799017650
-0.519355990165590
-0.521975292937154
-0.524589682678469
-0.527199134781901
-0.529803624686295
-0.532403127877198
-0.534997619887097
-0.537587076295646
-0.540171472729893
-0.542750784864516
-0.545324988422046
-0.547894059173100
-0.550457972936605
-0.553016705580027
-0.555570233019602
-0.558118531220556
-0.560661576197336
-0.563199344013834
-0.565731810783613
-0.568258952670132
-0.570780745886967
-0.573297166698042
-0.575808191417845
-0.578313796411656
-0.580813958095764
-0.583308652937698
-0.585797857456439
-0.588281548222645
-0.590759701858874
-0.593232295039800
-0.595699304492433
-0.598160706996342
-0.600616479383869
-0.603066598540348
-0.605511041404325
-0.607949784967774
-0.610382806276310
-0.612810082429410
-0.615231590580627
-0.617647307937804
-0.620057211763289
-0.622461279374150
-0.624859488142386
-0.627251815495144
-0.629638238914927
-0.632018735939809
-0.634393284163645
-0.636761861236284
-0.639124444863776
-0.641481012808583
-0.643831542889791
-0.646176012983316
-0.648514401022112
-0.650846684996381
-0.653172842953777
-0.655492852999615
-0.657806693297079
-0.660114342067420
-0.662415777590172
-0.664710978203345
-0.666999922303637
-0.669282588346636
-0.671558954847018
-0.673829000378756
-0.676092703575316
-0.678350043129861
-0.680600997795453
-0.682845546385248
-0.685083667772700
-0.687315340891759
-0.689540544737067
-0.691759258364158
-0.693971460889654
-0.696177131491463
-0.698376249408973
-0.700568793943248
-0.702754744457225
-0.704934080375905
-0.707106781186548
-0.709272826438866
-0.711432195745216
-0.713584868780794
-0.715730825283819
-0.717870045055732
-0.720002507961382
-0.722128193929215
-0.724247082951467
-0.726359155084346
-0.728464390448225
-0.730562769227828
-0.732654271672413
-0.734738878095964
-0.736816568877370
-0.738887324460615
-0.740951125354959
-0.743007952135122
-0.745057785441466
-0.747100605980180
-0.749136394523459
-0.751165131909686
-0.753186799043612
-0.755201376896536
-0.757208846506484
-0.759209188978388
-0.761202385484262
-0.763188417263381
-0.765167265622459
-0.767138911935820
-0.769103337645580
-0.771060524261814
-0.773010453362737
-0.774953106594874
-0.776888465673233
-0.778816512381476
-0.780737228572094
-0.782650596166576
-0.784556597155575
-0.786455213599086
-0.788346427626606
-0.790230221437310
-0.792106577300212
-0.793975477554337
-0.795836904608884
-0.797690840943391
-0.799537269107905
-0.801376171723140
-0.803207531480645
-0.805031331142963
-0.806847553543799
-0.808656181588175
-0.810457198252595
-0.812250586585204
-0.814036329705948
-0.815814410806734
-0.817584813151584
-0.819347520076797
-0.821102514991105
-0.822849781375826
-0.824589302785025
-0.826321062845663
-0.828045045257756
-0.829761233794523
-0.831469612302545
-0.833170164701913
-0.834862874986380
-0.836547727223512
-0.838224705554838
-0.839893794195999
-0.841554977436899
-0.843208239641845
-0.844853565249707
-0.846490938774052
-0.848120344803297
-0.849741768000853
-0.851355193105265
-0.852960604930364
-0.854557988365401
-0.856147328375194
-0.857728610000272
-0.859301818357009
-0.860866938637767
-0.862423956111041
-0.863972856121587
-0.865513624090569
-0.867046245515693
-0.868570705971341
-0.870086991108711
-0.871595086655951
-0.873094978418290
-0.874586652278176
-0.876070094195407
-0.877545290207261
-0.879012226428633
-0.880470889052161
-0.881921264348355
-0.883363338665732
-0.884797098430938
-0.886222530148881
-0.887639620402854
-0.889048355854664
-0.890448723244758
-0.891840709392343
-0.893224301195515
-0.894599485631383
-0.895966249756185
-0.897324580705418
-0.898674465693954
-0.900015892016160
-0.901348847046022
-0.902673318237259
-0.903989293123443
-0.905296759318119
-0.906595704514915
-0.907886116487666
-0.909167983090522
-0.910441292258067
-0.911706032005430
-0.912962190428398
-0.914209755703531
-0.915448716088268
-0.916679059921043
-0.917900775621390
-0.919113851690058
-0.920318276709111
-0.921514039342042
-0.922701128333879
-0.923879532511287
-0.925049240782678
-0.926210242138311
-0.927362525650401
-0.928506080473216
-0.929640895843181
-0.930766961078984
-0.931884265581668
-0.932992798834739
-0.934092550404259
-0.935183509938948
-0.936265667170278
-0.937339011912575
-0.938403534063108
-0.939459223602190
-0.940506070593268
-0.941544065183021
-0.942573197601447
-0.943593458161960
-0.944604837261480
-0.945607325380521
-0.946600913083284
-0.947585591017741
-0.948561349915730
-0.949528180593037
-0.950486073949482
-0.951435020969008
-0.952375012719766
-0.953306040354194
-0.954228095109106
-0.955141168305771
-0.956045251349996
-0.956940335732209
-0.957826413027533
-0.958703474895872
-0.959571513081985
-0.960430519415566
-0.961280485811321
-0.962121404269042
-0.962953266873684
-0.963776065795440
-0.964589793289813
-0.965394441697689
-0.966190003445413
-0.966976471044852
-0.967753837093475
-0.968522094274417
-0.969281235356548
-0.970031253194544
-0.970772140728950
-0.971503890986252
-0.972226497078936
-0.972939952205560
-0.973644249650812
-0.974339382785576
-0.975025345066994
-0.975702130038529
-0.976369731330021
-0.977028142657754
-0.977677357824510
-0.978317370719628
-0.978948175319062
-0.979569765685441
-0.980182135968117
-0.980785280403230
-0.981379193313755
-0.981963869109555
-0.982539302287441
-0.983105487431216
-0.983662419211730
-0.984210092386929
-0.984748501801904
-0.985277642388941
-0.985797509167567
-0.986308097244599
-0.986809401814185
-0.987301418157858
-0.987784141644572
-0.988257567730750
-0.988721691960324
-0.989176509964781
-0.989622017463201
-0.990058210262297
-0.990485084256457
-0.990902635427780
-0.991310859846115
-0.991709753669100
-0.992099313142192
-0.992479534598710
-0.992850414459865
-0.993211949234795
-0.993564135520595
-0.993906970002356
-0.994240449453188
-0.994564570734255
-0.994879330794806
-0.995184726672197
-0.995480755491927
-0.995767414467660
-0.996044700901252
-0.996312612182778
-0.996571145790555
-0.996820299291166
-0.997060070339483
-0.997290456678690
-0.997511456140304
-0.997723066644192
-0.997925286198596
-0.998118112900149
-0.998301544933893
-0.998475580573295
-0.998640218180265
-0.998795456205172
-0.998941293186857
-0.999077727752645
-0.999204758618364
-0.999322384588349
-0.999430604555462
-0.999529417501093
-0.999618822495179
-0.999698818696204
-0.999769405351215
-0.999830581795823
-0.999882347454213
-0.999924701839145
-0.999957644551964
-0.999981175282601
-0.999995293809576
-1
-0.999995293809576
-0.999981175282601
-0.999957644551964
-0.999924701839145
-0.999882347454213
-0.999830581795823
-0.999769405351215
-0.999698818696204
-0.999618822495179
-0.999529417501093
-0.999430604555462
-0.999322384588350
-0.999204758618364
-0.999077727752645
-0.998941293186857
-0.998795456205172
-0.998640218180265
-0.998475580573295
-0.998301544933893
-0.998118112900149
-0.997925286198596
-0.997723066644192
-0.997511456140304
-0.997290456678690
-0.997060070339483
-0.996820299291166
-0.996571145790555
-0.996312612182778
-0.996044700901252
-0.995767414467660
-0.995480755491927
-0.995184726672197
-0.994879330794806
-0.994564570734255
-0.994240449453188
-0.993906970002356
-0.993564135520595
-0.993211949234795
-0.992850414459865
-0.992479534598710
-0.992099313142192
-0.991709753669100
-0.991310859846115
-0.990902635427780
-0.990485084256457
-0.990058210262297
-0.989622017463201
-0.989176509964781
-0.988721691960324
-0.988257567730750
-0.987784141644572
-0.987301418157858
-0.986809401814186
-0.986308097244599
-0.985797509167568
-0.985277642388941
-0.984748501801904
-0.984210092386929
-0.983662419211730
-0.983105487431216
-0.982539302287441
-0.981963869109555
-0.981379193313755
-0.980785280403230
-0.980182135968118
-0.979569765685441
-0.978948175319062
-0.978317370719628
-0.977677357824510
-0.977028142657754
-0.976369731330021
-0.975702130038529
-0.975025345066994
-0.974339382785576
-0.973644249650812
-0.972939952205560
-0.972226497078936
-0.971503890986252
-0.970772140728951
-0.970031253194544
-0.969281235356548
-0.968522094274417
-0.967753837093476
-0.966976471044852
-0.966190003445413
-0.965394441697689
-0.964589793289813
-0.963776065795440
-0.962953266873684
-0.962121404269042
-0.961280485811321
-0.960430519415566
-0.959571513081985
-0.958703474895872
-0.957826413027533
-0.956940335732209
-0.956045251349996
-0.955141168305771
-0.954228095109106
-0.953306040354194
-0.952375012719766
-0.951435020969008
-0.950486073949482
-0.949528180593037
-0.948561349915730
-0.947585591017741
-0.946600913083284
-0.945607325380521
-0.944604837261481
-0.943593458161960
-0.942573197601447
-0.941544065183021
-0.940506070593268
-0.939459223602190
-0.938403534063108
-0.937339011912575
-0.936265667170279
-0.935183509938948
-0.934092550404259
-0.932992798834739
-0.931884265581668
-0.930766961078984
-0.929640895843181
-0.928506080473216
-0.927362525650401
-0.926210242138312
-0.925049240782678
-0.923879532511287
-0.922701128333879
-0.921514039342042
-0.920318276709111
-0.919113851690058
-0.917900775621390
-0.916679059921043
-0.915448716088268
-0.914209755703531
-0.912962190428398
-0.911706032005430
-0.910441292258067
-0.909167983090523
-0.907886116487666
-0.906595704514916
-0.905296759318119
-0.903989293123443
-0.902673318237259
-0.901348847046022
-0.900015892016160
-0.898674465693954
-0.897324580705418
-0.895966249756185
-0.894599485631383
-0.893224301195515
-0.891840709392343
-0.890448723244758
-0.889048355854665
-0.887639620402854
-0.886222530148881
-0.884797098430938
-0.883363338665732
-0.881921264348355
-0.880470889052161
-0.879012226428634
-0.877545290207261
-0.876070094195407
-0.874586652278176
-0.873094978418290
-0.871595086655951
-0.870086991108712
-0.868570705971341
-0.867046245515693
-0.865513624090569
-0.863972856121587
-0.862423956111041
-0.860866938637767
-0.859301818357009
-0.857728610000272
-0.856147328375195
-0.854557988365401
-0.852960604930364
-0.851355193105265
-0.849741768000853
-0.848120344803297
-0.846490938774052
-0.844853565249707
-0.843208239641845
-0.841554977436899
-0.839893794196000
-0.838224705554838
-0.836547727223512
-0.834862874986380
-0.833170164701913
-0.831469612302546
-0.829761233794523
-0.828045045257756
-0.826321062845664
-0.824589302785025
-0.822849781375827
-0.821102514991105
-0.819347520076797
-0.817584813151584
-0.815814410806734
-0.814036329705948
-0.812250586585204
-0.810457198252595
-0.808656181588175
-0.806847553543799
-0.805031331142964
-0.803207531480645
-0.801376171723140
-0.799537269107905
-0.797690840943391
-0.795836904608884
-0.793975477554337
-0.792106577300213
-0.790230221437310
-0.788346427626606
-0.786455213599086
-0.784556597155575
-0.782650596166576
-0.780737228572095
-0.778816512381476
-0.776888465673233
-0.774953106594874
-0.773010453362737
-0.771060524261814
-0.769103337645580
-0.767138911935820
-0.765167265622459
-0.763188417263381
-0.761202385484262
-0.759209188978388
-0.757208846506485
-0.755201376896537
-0.753186799043613
-0.751165131909686
-0.749136394523460
-0.747100605980180
-0.745057785441466
-0.743007952135122
-0.740951125354959
-0.738887324460616
-0.736816568877370
-0.734738878095963
-0.732654271672413
-0.730562769227828
-0.728464390448225
-0.726359155084346
-0.724247082951467
-0.722128193929215
-0.720002507961382
-0.717870045055732
-0.715730825283819
-0.713584868780794
-0.711432195745216
-0.709272826438866
-0.707106781186548
-0.704934080375905
-0.702754744457226
-0.700568793943248
-0.698376249408973
-0.696177131491463
-0.693971460889654
-0.691759258364158
-0.689540544737067
-0.687315340891759
-0.685083667772701
-0.682845546385248
-0.680600997795453
-0.678350043129862
-0.676092703575316
-0.673829000378756
-0.671558954847019
-0.669282588346636
-0.666999922303638
-0.664710978203345
-0.662415777590172
-0.660114342067421
-0.657806693297079
-0.655492852999615
-0.653172842953777
-0.650846684996381
-0.648514401022112
-0.646176012983317
-0.643831542889792
-0.641481012808584
-0.639124444863776
-0.636761861236284
-0.634393284163646
-0.632018735939809
-0.629638238914927
-0.627251815495145
-0.624859488142387
-0.622461279374150
-0.620057211763289
-0.617647307937804
-0.615231590580627
-0.612810082429410
-0.610382806276310
-0.607949784967774
-0.605511041404326
-0.603066598540348
-0.600616479383869
-0.598160706996342
-0.595699304492433
-0.593232295039800
-0.590759701858874
-0.588281548222646
-0.585797857456439
-0.583308652937698
-0.580813958095765
-0.578313796411656
-0.575808191417845
-0.573297166698043
-0.570780745886967
-0.568258952670131
-0.565731810783614
-0.563199344013834
-0.560661576197337
-0.558118531220556
-0.555570233019602
-0.553016705580028
-0.550457972936605
-0.547894059173100
-0.545324988422047
-0.542750784864516
-0.540171472729893
-0.537587076295646
-0.534997619887097
-0.532403127877199
-0.529803624686295
-0.527199134781901
-0.524589682678469
-0.521975292937155
-0.519355990165590
-0.516731799017650
-0.514102744193222
-0.511468850437970
-0.508830142543107
-0.506186645345155
-0.503538383725718
-0.500885382611241
-0.498227666972782
-0.495565261825773
-0.492898192229784
-0.490226483288291
-0.487550160148436
-0.484869248000791
-0.482183772079123
-0.479493757660153
-0.476799230063322
-0.474100214650551
-0.471396736825998
-0.468688822035828
-0.465976495767967
-0.463259783551860
-0.460538710958240
-0.457813303598878
-0.455083587126344
-0.452349587233771
-0.449611329654607
-0.446868840162374
-0.444122144570430
-0.441371268731717
-0.438616238538528
-0.435857079922256
-0.433093818853152
-0.430326481340083
-0.427555093430283
-0.424779681209109
-0.422000270799800
-0.419216888363224
-0.416429560097637
-0.413638312238435
-0.410843171057904
-0.408044162864979
-0.405241314004990
-0.402434650859419
-0.399624199845647
-0.396809987416711
-0.393992040061048
-0.391170384302254
-0.388345046698827
-0.385516053843919
-0.382683432365090
-0.379847208924052
-0.377007410216418
-0.374164062971459
-0.371317193951838
-0.368466829953372
-0.365612997804774
-0.362755724367397
-0.359895036534988
-0.357030961233430
-0.354163525420491
-0.351292756085567
-0.348418680249435
-0.345541324963989
-0.342660717311995
-0.339776884406827
-0.336889853392220
-0.333999651442010
-0.331106305759877
-0.328209843579092
-0.325310292162263
-0.322407678801070
-0.319502030816015
-0.316593375556166
-0.313681740398892
-0.310767152749612
-0.307849640041535
-0.304929229735402
-0.302005949319229
-0.299079826308041
-0.296150888243624
-0.293219162694259
-0.290284677254463
-0.287347459544729
-0.284407537211272
-0.281464937925758
-0.278519689385054
-0.275571819310958
-0.272621355449949
-0.269668325572916
-0.266712757474899
-0.263754678974831
-0.260794117915276
-0.257831102162159
-0.254865659604514
-0.251897818154217
-0.248927605745720
-0.245955050335795
-0.242980179903264
-0.240003022448741
-0.237023605994368
-0.234041958583544
-0.231058108280671
-0.228072083170886
-0.225083911359793
-0.222093620973203
-0.219101240156870
-0.216106797076220
-0.213110319916092
-0.210111836880470
-0.207111376192219
-0.204108966092817
-0.201104634842092
-0.198098410717953
-0.195090322016129
-0.192080397049893
-0.189068664149806
-0.186055151663447
-0.183039887955141
-0.180022901405700
-0.177004220412149
-0.173983873387464
-0.170961888760302
-0.167938294974731
-0.164913120489970
-0.161886393780112
-0.158858143333862
-0.155828397654265
-0.152797185258444
-0.149764534677322
-0.146730474455362
-0.143695033150295
-0.140658239332849
-0.137620121586487
-0.134580708507126
-0.131540028702883
-0.128498110793794
-0.125454983411546
-0.122410675199216
-0.119365214810992
-0.116318630911905
-0.113270952177565
-0.110222207293883
-0.107172424956809
-0.104121633872055
-0.101069862754828
-0.0980171403295605
-0.0949634953296395
-0.0919089564971329
-0.0888535525825244
-0.0857973123444403
-0.0827402645493758
-0.0796824379714308
-0.0766238613920318
-0.0735645635996674
-0.0705045733896144
-0.0674439195636643
-0.0643826309298574
-0.0613207363022091
-0.0582582645004359
-0.0551952443496898
-0.0521317046802837
-0.0490676743274181
-0.0460031821309153
-0.0429382569349411
-0.0398729275877398
-0.0368072229413594
-0.0337411718513778
-0.0306748031766365
-0.0276081457789662
-0.0245412285229124
-0.0214740802754693
-0.0184067299058052
-0.0153392062849882
-0.0122715382857206
-0.00920375478206014
-0.00613588464915448
-0.00306795676296654
-2.44929359829471e-16
0.00306795676296517
0.00613588464915399
0.00920375478205966
0.0122715382857192
0.0153392062849877
0.0184067299058038
0.0214740802754689
0.0245412285229120
0.0276081457789648
0.0306748031766361
0.0337411718513773
0.0368072229413580
0.0398729275877393
0.0429382569349407
0.0460031821309139
0.0490676743274176
0.0521317046802823
0.0551952443496893
0.0582582645004354
0.0613207363022077
0.0643826309298569
0.0674439195636638
0.0705045733896131
0.0735645635996669
0.0766238613920313
0.0796824379714294
0.0827402645493753
0.0857973123444389
0.0888535525825239
0.0919089564971324
0.0949634953296381
0.0980171403295600
0.101069862754828
0.104121633872054
0.107172424956808
0.110222207293883
0.113270952177564
0.116318630911904
0.119365214810990
0.122410675199216
0.125454983411546
0.128498110793792
0.131540028702883
0.134580708507126
0.137620121586485
0.140658239332849
0.143695033150294
0.146730474455361
0.149764534677321
0.152797185258442
0.155828397654265
0.158858143333861
0.161886393780111
0.164913120489969
0.167938294974731
0.170961888760300
0.173983873387463
0.177004220412149
0.180022901405699
0.183039887955141
0.186055151663446
0.189068664149806
0.192080397049892
0.195090322016127
0.198098410717953
0.201104634842092
0.204108966092816
0.207111376192218
0.210111836880469
0.213110319916091
0.216106797076219
0.219101240156869
0.222093620973203
0.225083911359793
0.228072083170885
0.231058108280671
0.234041958583543
0.237023605994366
0.240003022448741
0.242980179903264
0.245955050335794
0.248927605745720
0.251897818154216
0.254865659604514
0.257831102162159
0.260794117915275
0.263754678974831
0.266712757474898
0.269668325572914
0.272621355449949
0.275571819310958
0.278519689385052
0.281464937925758
0.284407537211271
0.287347459544729
0.290284677254462
0.293219162694258
0.296150888243623
0.299079826308040
0.302005949319227
0.304929229735402
0.307849640041535
0.310767152749611
0.313681740398891
0.316593375556165
0.319502030816015
0.322407678801070
0.325310292162262
0.328209843579092
0.331106305759876
0.333999651442009
0.336889853392220
0.339776884406827
0.342660717311994
0.345541324963989
0.348418680249434
0.351292756085567
0.354163525420490
0.357030961233429
0.359895036534988
0.362755724367397
0.365612997804773
0.368466829953372
0.371317193951837
0.374164062971457
0.377007410216418
0.379847208924051
0.382683432365089
0.385516053843919
0.388345046698825
0.391170384302253
0.393992040061048
0.396809987416710
0.399624199845646
0.402434650859418
0.405241314004989
0.408044162864978
0.410843171057904
0.413638312238434
0.416429560097637
0.419216888363223
0.422000270799799
0.424779681209109
0.427555093430281
0.430326481340082
0.433093818853152
0.435857079922255
0.438616238538527
0.441371268731717
0.444122144570429
0.446868840162374
0.449611329654606
0.452349587233770
0.455083587126344
0.457813303598876
0.460538710958240
0.463259783551860
0.465976495767965
0.468688822035828
0.471396736825998
0.474100214650549
0.476799230063322
0.479493757660152
0.482183772079122
0.484869248000791
0.487550160148435
0.490226483288291
0.492898192229784
0.495565261825772
0.498227666972781
0.500885382611241
0.503538383725717
0.506186645345155
0.508830142543106
0.511468850437970
0.514102744193221
0.516731799017649
0.519355990165589
0.521975292937154
0.524589682678468
0.527199134781901
0.529803624686295
0.532403127877197
0.534997619887097
0.537587076295645
0.540171472729892
0.542750784864516
0.545324988422046
0.547894059173100
0.550457972936605
0.553016705580027
0.555570233019602
0.558118531220556
0.560661576197335
0.563199344013834
0.565731810783612
0.568258952670131
0.570780745886967
0.573297166698041
0.575808191417845
0.578313796411655
0.580813958095764
0.583308652937698
0.585797857456439
0.588281548222645
0.590759701858874
0.593232295039799
0.595699304492433
0.598160706996342
0.600616479383868
0.603066598540348
0.605511041404325
0.607949784967773
0.610382806276309
0.612810082429410
0.615231590580626
0.617647307937804
0.620057211763288
0.622461279374149
0.624859488142386
0.627251815495143
0.629638238914927
0.632018735939809
0.634393284163645
0.636761861236284
0.639124444863776
0.641481012808583
0.643831542889791
0.646176012983316
0.648514401022112
0.650846684996381
0.653172842953776
0.655492852999615
0.657806693297078
0.660114342067420
0.662415777590171
0.664710978203345
0.666999922303637
0.669282588346636
0.671558954847018
0.673829000378756
0.676092703575316
0.678350043129861
0.680600997795453
0.682845546385248
0.685083667772700
0.687315340891759
0.689540544737067
0.691759258364157
0.693971460889654
0.696177131491462
0.698376249408972
0.700568793943248
0.702754744457225
0.704934080375904
0.707106781186547
0.709272826438865
0.711432195745216
0.713584868780793
0.715730825283818
0.717870045055731
0.720002507961381
0.722128193929215
0.724247082951467
0.726359155084345
0.728464390448225
0.730562769227827
0.732654271672412
0.734738878095963
0.736816568877370
0.738887324460615
0.740951125354959
0.743007952135121
0.745057785441466
0.747100605980180
0.749136394523459
0.751165131909686
0.753186799043612
0.755201376896536
0.757208846506484
0.759209188978388
0.761202385484261
0.763188417263381
0.765167265622458
0.767138911935820
0.769103337645579
0.771060524261813
0.773010453362737
0.774953106594874
0.776888465673232
0.778816512381476
0.780737228572094
0.782650596166575
0.784556597155575
0.786455213599085
0.788346427626606
0.790230221437310
0.792106577300212
0.793975477554337
0.795836904608883
0.797690840943391
0.799537269107905
0.801376171723140
0.803207531480645
0.805031331142963
0.806847553543799
0.808656181588175
0.810457198252595
0.812250586585203
0.814036329705948
0.815814410806734
0.817584813151583
0.819347520076797
0.821102514991105
0.822849781375826
0.824589302785025
0.826321062845663
0.828045045257755
0.829761233794523
0.831469612302545
0.833170164701913
0.834862874986380
0.836547727223512
0.838224705554838
0.839893794195999
0.841554977436898
0.843208239641845
0.844853565249707
0.846490938774052
0.848120344803297
0.849741768000852
0.851355193105265
0.852960604930364
0.854557988365400
0.856147328375194
0.857728610000272
0.859301818357008
0.860866938637767
0.862423956111040
0.863972856121586
0.865513624090569
0.867046245515692
0.868570705971341
0.870086991108711
0.871595086655951
0.873094978418290
0.874586652278176
0.876070094195406
0.877545290207261
0.879012226428633
0.880470889052160
0.881921264348355
0.883363338665731
0.884797098430938
0.886222530148881
0.887639620402854
0.889048355854664
0.890448723244758
0.891840709392342
0.893224301195515
0.894599485631382
0.895966249756185
0.897324580705418
0.898674465693953
0.900015892016160
0.901348847046022
0.902673318237258
0.903989293123443
0.905296759318119
0.906595704514915
0.907886116487666
0.909167983090522
0.910441292258067
0.911706032005430
0.912962190428398
0.914209755703530
0.915448716088268
0.916679059921042
0.917900775621390
0.919113851690058
0.920318276709110
0.921514039342042
0.922701128333878
0.923879532511287
0.925049240782678
0.926210242138311
0.927362525650401
0.928506080473216
0.929640895843181
0.930766961078984
0.931884265581668
0.932992798834739
0.934092550404259
0.935183509938948
0.936265667170278
0.937339011912575
0.938403534063108
0.939459223602190
0.940506070593268
0.941544065183021
0.942573197601447
0.943593458161960
0.944604837261480
0.945607325380521
0.946600913083284
0.947585591017741
0.948561349915730
0.949528180593036
0.950486073949482
0.951435020969008
0.952375012719766
0.953306040354194
0.954228095109106
0.955141168305770
0.956045251349996
0.956940335732209
0.957826413027533
0.958703474895872
0.959571513081984
0.960430519415566
0.961280485811321
0.962121404269041
0.962953266873684
0.963776065795440
0.964589793289813
0.965394441697689
0.966190003445413
0.966976471044852
0.967753837093475
0.968522094274417
0.969281235356548
0.970031253194544
0.970772140728950
0.971503890986252
0.972226497078936
0.972939952205560
0.973644249650812
0.974339382785576
0.975025345066994
0.975702130038529
0.976369731330021
0.977028142657754
0.977677357824510
0.978317370719627
0.978948175319062
0.979569765685441
0.980182135968117
0.980785280403230
0.981379193313755
0.981963869109555
0.982539302287441
0.983105487431216
0.983662419211730
0.984210092386929
0.984748501801904
0.985277642388941
0.985797509167567
0.986308097244599
0.986809401814185
0.987301418157858
0.987784141644572
0.988257567730750
0.988721691960324
0.989176509964781
0.989622017463201
0.990058210262297
0.990485084256457
0.990902635427780
0.991310859846115
0.991709753669099
0.992099313142192
0.992479534598710
0.992850414459865
0.993211949234794
0.993564135520595
0.993906970002356
0.994240449453188
0.994564570734255
0.994879330794806
0.995184726672197
0.995480755491927
0.995767414467660
0.996044700901252
0.996312612182778
0.996571145790555
0.996820299291166
0.997060070339483
0.997290456678690
0.997511456140304
0.997723066644192
0.997925286198596
0.998118112900149
0.998301544933893
0.998475580573295
0.998640218180265
0.998795456205172
0.998941293186857
0.999077727752645
0.999204758618364
0.999322384588349
0.999430604555462
0.999529417501093
0.999618822495179
0.999698818696204
0.999769405351215
0.999830581795823
0.999882347454213
0.999924701839145
0.999957644551964
0.999981175282601
0.999995293809576
1
0.999995293809576
0.999981175282601
0.999957644551964
0.999924701839145
0.999882347454213
0.999830581795823
0.999769405351215
0.999698818696204
0.999618822495179
0.999529417501093
0.999430604555462
0.999322384588350
0.999204758618364
0.999077727752645
0.998941293186857
0.998795456205172
0.998640218180265
0.998475580573295
0.998301544933893
0.998118112900149
0.997925286198596
0.997723066644192
0.997511456140304
0.997290456678690
0.997060070339483
0.996820299291166
0.996571145790555
0.996312612182778
0.996044700901252
0.995767414467660
0.995480755491927
0.995184726672197
0.994879330794806
0.994564570734256
0.994240449453188
0.993906970002356
0.993564135520595
0.993211949234795
0.992850414459865
0.992479534598710
0.992099313142192
0.991709753669100
0.991310859846116
0.990902635427780
0.990485084256457
0.990058210262297
0.989622017463201
0.989176509964781
0.988721691960324
0.988257567730750
0.987784141644572
0.987301418157858
0.986809401814186
0.986308097244599
0.985797509167568
0.985277642388942
0.984748501801904
0.984210092386929
0.983662419211731
0.983105487431216
0.982539302287442
0.981963869109555
0.981379193313755
0.980785280403231
0.980182135968118
0.979569765685441
0.978948175319062
0.978317370719628
0.977677357824510
0.977028142657755
0.976369731330021
0.975702130038529
0.975025345066995
0.974339382785576
0.973644249650812
0.972939952205560
0.972226497078936
0.971503890986252
0.970772140728950
0.970031253194544
0.969281235356549
0.968522094274418
0.967753837093476
0.966976471044852
0.966190003445413
0.965394441697690
0.964589793289813
0.963776065795440
0.962953266873684
0.962121404269042
0.961280485811320
0.960430519415566
0.959571513081985
0.958703474895872
0.957826413027533
0.956940335732209
0.956045251349997
0.955141168305771
0.954228095109106
0.953306040354194
0.952375012719766
0.951435020969009
0.950486073949482
0.949528180593037
0.948561349915731
0.947585591017741
0.946600913083284
0.945607325380522
0.944604837261481
0.943593458161961
0.942573197601447
0.941544065183021
0.940506070593268
0.939459223602190
0.938403534063108
0.937339011912575
0.936265667170279
0.935183509938947
0.934092550404259
0.932992798834739
0.931884265581668
0.930766961078984
0.929640895843181
0.928506080473216
0.927362525650401
0.926210242138312
0.925049240782678
0.923879532511287
0.922701128333879
0.921514039342042
0.920318276709111
0.919113851690058
0.917900775621391
0.916679059921043
0.915448716088268
0.914209755703531
0.912962190428398
0.911706032005430
0.910441292258068
0.909167983090522
0.907886116487667
0.906595704514916
0.905296759318119
0.903989293123444
0.902673318237259
0.901348847046023
0.900015892016161
0.898674465693954
0.897324580705418
0.895966249756185
0.894599485631383
0.893224301195516
0.891840709392343
0.890448723244758
0.889048355854665
0.887639620402855
0.886222530148880
0.884797098430938
0.883363338665732
0.881921264348355
0.880470889052162
0.879012226428633
0.877545290207262
0.876070094195407
0.874586652278176
0.873094978418291
0.871595086655951
0.870086991108712
0.868570705971341
0.867046245515693
0.865513624090569
0.863972856121587
0.862423956111041
0.860866938637768
0.859301818357009
0.857728610000272
0.856147328375195
0.854557988365401
0.852960604930363
0.851355193105266
0.849741768000853
0.848120344803297
0.846490938774053
0.844853565249707
0.843208239641846
0.841554977436899
0.839893794196000
0.838224705554839
0.836547727223512
0.834862874986381
0.833170164701914
0.831469612302546
0.829761233794523
0.828045045257756
0.826321062845664
0.824589302785026
0.822849781375827
0.821102514991105
0.819347520076797
0.817584813151585
0.815814410806733
0.814036329705949
0.812250586585204
0.810457198252595
0.808656181588176
0.806847553543799
0.805031331142964
0.803207531480645
0.801376171723141
0.799537269107906
0.797690840943391
0.795836904608884
0.793975477554338
0.792106577300213
0.790230221437310
0.788346427626606
0.786455213599087
0.784556597155576
0.782650596166576
0.780737228572095
0.778816512381476
0.776888465673233
0.774953106594874
0.773010453362738
0.771060524261814
0.769103337645580
0.767138911935822
0.765167265622459
0.763188417263382
0.761202385484262
0.759209188978388
0.757208846506485
0.755201376896536
0.753186799043613
0.751165131909687
0.749136394523460
0.747100605980180
0.745057785441466
0.743007952135123
0.740951125354960
0.738887324460616
0.736816568877370
0.734738878095964
0.732654271672414
0.730562769227828
0.728464390448226
0.726359155084346
0.724247082951467
0.722128193929217
0.720002507961381
0.717870045055733
0.715730825283819
0.713584868780794
0.711432195745217
0.709272826438866
0.707106781186548
0.704934080375906
0.702754744457226
0.700568793943249
0.698376249408973
0.696177131491464
0.693971460889655
0.691759258364158
0.689540544737067
0.687315340891759
0.685083667772702
0.682845546385249
0.680600997795454
0.678350043129862
0.676092703575316
0.673829000378757
0.671558954847018
0.669282588346637
0.666999922303638
0.664710978203345
0.662415777590172
0.660114342067420
0.657806693297080
0.655492852999616
0.653172842953777
0.650846684996381
0.648514401022112
0.646176012983317
0.643831542889792
0.641481012808584
0.639124444863776
0.636761861236284
0.634393284163647
0.632018735939810
0.629638238914928
0.627251815495145
0.624859488142387
0.622461279374151
0.620057211763289
0.617647307937805
0.615231590580628
0.612810082429410
0.610382806276310
0.607949784967774
0.605511041404327
0.603066598540349
0.600616479383869
0.598160706996343
0.595699304492433
0.593232295039801
0.590759701858875
0.588281548222646
0.585797857456439
0.583308652937698
0.580813958095766
0.578313796411657
0.575808191417846
0.573297166698043
0.570780745886968
0.568258952670133
0.565731810783613
0.563199344013835
0.560661576197337
0.558118531220556
0.555570233019602
0.553016705580027
0.550457972936606
0.547894059173101
0.545324988422047
0.542750784864516
0.540171472729893
0.537587076295647
0.534997619887098
0.532403127877199
0.529803624686295
0.527199134781902
0.524589682678470
0.521975292937155
0.519355990165590
0.516731799017650
0.514102744193222
0.511468850437972
0.508830142543107
0.506186645345156
0.503538383725718
0.500885382611241
0.498227666972782
0.495565261825772
0.492898192229785
0.490226483288292
0.487550160148437
0.484869248000791
0.482183772079123
0.479493757660154
0.476799230063323
0.474100214650551
0.471396736825998
0.468688822035828
0.465976495767968
0.463259783551861
0.460538710958241
0.457813303598878
0.455083587126344
0.452349587233772
0.449611329654606
0.446868840162375
0.444122144570430
0.441371268731717
0.438616238538528
0.435857079922255
0.433093818853153
0.430326481340084
0.427555093430283
0.424779681209109
0.422000270799800
0.419216888363225
0.416429560097638
0.413638312238435
0.410843171057904
0.408044162864979
0.405241314004991
0.402434650859420
0.399624199845648
0.396809987416711
0.393992040061048
0.391170384302256
0.388345046698826
0.385516053843920
0.382683432365091
0.379847208924052
0.377007410216418
0.374164062971458
0.371317193951839
0.368466829953373
0.365612997804774
0.362755724367398
0.359895036534988
0.357030961233431
0.354163525420491
0.351292756085568
0.348418680249435
0.345541324963989
0.342660717311996
0.339776884406828
0.336889853392221
0.333999651442010
0.331106305759877
0.328209843579094
0.325310292162263
0.322407678801071
0.319502030816016
0.316593375556166
0.313681740398892
0.310767152749611
0.307849640041536
0.304929229735403
0.302005949319229
0.299079826308041
0.296150888243624
0.293219162694260
0.290284677254463
0.287347459544730
0.284407537211272
0.281464937925758
0.278519689385055
0.275571819310959
0.272621355449950
0.269668325572916
0.266712757474899
0.263754678974833
0.260794117915275
0.257831102162160
0.254865659604515
0.251897818154217
0.248927605745720
0.245955050335794
0.242980179903265
0.240003022448742
0.237023605994368
0.234041958583544
0.231058108280671
0.228072083170887
0.225083911359794
0.222093620973204
0.219101240156870
0.216106797076220
0.213110319916093
0.210111836880471
0.207111376192220
0.204108966092818
0.201104634842092
0.198098410717955
0.195090322016128
0.192080397049894
0.189068664149807
0.186055151663447
0.183039887955141
0.180022901405699
0.177004220412150
0.173983873387465
0.170961888760302
0.167938294974732
0.164913120489970
0.161886393780113
0.158858143333863
0.155828397654266
0.152797185258444
0.149764534677322
0.146730474455363
0.143695033150296
0.140658239332850
0.137620121586487
0.134580708507127
0.131540028702883
0.128498110793793
0.125454983411547
0.122410675199217
0.119365214810992
0.116318630911905
0.113270952177564
0.110222207293884
0.107172424956810
0.104121633872055
0.101069862754828
0.0980171403295606
0.0949634953296405
0.0919089564971339
0.0888535525825254
0.0857973123444404
0.0827402645493759
0.0796824379714318
0.0766238613920328
0.0735645635996684
0.0705045733896145
0.0674439195636644
0.0643826309298575
0.0613207363022083
0.0582582645004369
0.0551952443496908
0.0521317046802838
0.0490676743274182
0.0460031821309145
0.0429382569349422
0.0398729275877408
0.0368072229413595
0.0337411718513780
0.0306748031766367
0.0276081457789672
0.0245412285229135
0.0214740802754704
0.0184067299058053
0.0153392062849883
0.0122715382857216
0.00920375478206115
0.00613588464915549
0.00306795676296667
3.67394039744206e-16
-0.00306795676296593
-0.00613588464915475
-0.00920375478205864
-0.0122715382857191
-0.0153392062849876
-0.0184067299058046
-0.0214740802754696
-0.0245412285229110
-0.0276081457789647
-0.0306748031766359
-0.0337411718513772
-0.0368072229413588
-0.0398729275877383
-0.0429382569349396
-0.0460031821309138
-0.0490676743274175
-0.0521317046802831
-0.0551952443496883
-0.0582582645004344
-0.0613207363022076
-0.0643826309298568
-0.0674439195636637
-0.0705045733896138
-0.0735645635996677
-0.0766238613920303
-0.0796824379714293
-0.0827402645493752
-0.0857973123444397
-0.0888535525825247
-0.0919089564971314
-0.0949634953296380
-0.0980171403295599
-0.101069862754827
-0.104121633872055
-0.107172424956807
-0.110222207293882
-0.113270952177563
-0.116318630911904
-0.119365214810991
-0.122410675199215
-0.125454983411545
-0.128498110793792
-0.131540028702882
-0.134580708507126
-0.137620121586486
-0.140658239332850
-0.143695033150293
-0.146730474455361
-0.149764534677321
-0.152797185258443
-0.155828397654265
-0.158858143333860
-0.161886393780111
-0.164913120489969
-0.167938294974731
-0.170961888760301
-0.173983873387462
-0.177004220412148
-0.180022901405699
-0.183039887955140
-0.186055151663446
-0.189068664149805
-0.192080397049893
-0.195090322016127
-0.198098410717953
-0.201104634842092
-0.204108966092817
-0.207111376192219
-0.210111836880468
-0.213110319916091
-0.216106797076219
-0.219101240156870
-0.222093620973204
-0.225083911359792
-0.228072083170885
-0.231058108280670
-0.234041958583543
-0.237023605994367
-0.240003022448740
-0.242980179903263
-0.245955050335794
-0.248927605745720
-0.251897818154217
-0.254865659604513
-0.257831102162159
-0.260794117915275
-0.263754678974831
-0.266712757474898
-0.269668325572915
-0.272621355449949
-0.275571819310957
-0.278519689385052
-0.281464937925757
-0.284407537211272
-0.287347459544730
-0.290284677254461
-0.293219162694258
-0.296150888243623
-0.299079826308040
-0.302005949319228
-0.304929229735401
-0.307849640041534
-0.310767152749611
-0.313681740398891
-0.316593375556166
-0.319502030816014
-0.322407678801070
-0.325310292162262
-0.328209843579092
-0.331106305759876
-0.333999651442009
-0.336889853392220
-0.339776884406826
-0.342660717311994
-0.345541324963989
-0.348418680249434
-0.351292756085567
-0.354163525420489
-0.357030961233429
-0.359895036534987
-0.362755724367397
-0.365612997804774
-0.368466829953371
-0.371317193951836
-0.374164062971457
-0.377007410216418
-0.379847208924051
-0.382683432365088
-0.385516053843919
-0.388345046698825
-0.391170384302253
-0.393992040061048
-0.396809987416710
-0.399624199845647
-0.402434650859417
-0.405241314004989
-0.408044162864978
-0.410843171057904
-0.413638312238435
-0.416429560097636
-0.419216888363223
-0.422000270799799
-0.424779681209109
-0.427555093430282
-0.430326481340081
-0.433093818853151
-0.435857079922255
-0.438616238538527
-0.441371268731716
-0.444122144570428
-0.446868840162375
-0.449611329654606
-0.452349587233770
-0.455083587126343
-0.457813303598877
-0.460538710958240
-0.463259783551859
-0.465976495767965
-0.468688822035827
-0.471396736825997
-0.474100214650550
-0.476799230063321
-0.479493757660152
-0.482183772079122
-0.484869248000791
-0.487550160148436
-0.490226483288290
-0.492898192229783
-0.495565261825772
-0.498227666972781
-0.500885382611241
-0.503538383725716
-0.506186645345156
-0.508830142543106
-0.511468850437970
-0.514102744193221
-0.516731799017650
-0.519355990165590
-0.521975292937153
-0.524589682678468
-0.527199134781901
-0.529803624686294
-0.532403127877198
-0.534997619887096
-0.537587076295645
-0.540171472729892
-0.542750784864516
-0.545324988422046
-0.547894059173099
-0.550457972936604
-0.553016705580027
-0.555570233019602
-0.558118531220556
-0.560661576197335
-0.563199344013834
-0.565731810783612
-0.568258952670131
-0.570780745886967
-0.573297166698042
-0.575808191417845
-0.578313796411655
-0.580813958095764
-0.583308652937698
-0.585797857456439
-0.588281548222645
-0.590759701858873
-0.593232295039799
-0.595699304492433
-0.598160706996342
-0.600616479383869
-0.603066598540347
-0.605511041404325
-0.607949784967773
-0.610382806276309
-0.612810082429410
-0.615231590580626
-0.617647307937804
-0.620057211763288
-0.622461279374149
-0.624859488142386
-0.627251815495144
-0.629638238914927
-0.632018735939808
-0.634393284163645
-0.636761861236284
-0.639124444863776
-0.641481012808583
-0.643831542889790
-0.646176012983316
-0.648514401022112
-0.650846684996381
-0.653172842953777
-0.655492852999614
-0.657806693297078
-0.660114342067420
-0.662415777590171
-0.664710978203345
-0.666999922303636
-0.669282588346636
-0.671558954847018
-0.673829000378756
-0.676092703575316
-0.678350043129861
-0.680600997795453
-0.682845546385247
-0.685083667772700
-0.687315340891759
-0.689540544737067
-0.691759258364158
-0.693971460889653
-0.696177131491462
-0.698376249408972
-0.700568793943248
-0.702754744457225
-0.704934080375904
-0.707106781186547
-0.709272826438865
-0.711432195745216
-0.713584868780793
-0.715730825283817
-0.717870045055732
-0.720002507961381
-0.722128193929215
-0.724247082951467
-0.726359155084346
-0.728464390448225
-0.730562769227827
-0.732654271672412
-0.734738878095963
-0.736816568877370
-0.738887324460615
-0.740951125354958
-0.743007952135121
-0.745057785441466
-0.747100605980180
-0.749136394523459
-0.751165131909685
-0.753186799043612
-0.755201376896536
-0.757208846506484
-0.759209188978388
-0.761202385484261
-0.763188417263382
-0.765167265622458
-0.767138911935820
-0.769103337645579
-0.771060524261814
-0.773010453362737
-0.774953106594873
-0.776888465673232
-0.778816512381476
-0.780737228572094
-0.782650596166576
-0.784556597155574
-0.786455213599085
-0.788346427626606
-0.790230221437310
-0.792106577300212
-0.793975477554336
-0.795836904608883
-0.797690840943391
-0.799537269107905
-0.801376171723140
-0.803207531480644
-0.805031331142964
-0.806847553543799
-0.808656181588175
-0.810457198252595
-0.812250586585204
-0.814036329705948
-0.815814410806733
-0.817584813151583
-0.819347520076797
-0.821102514991105
-0.822849781375826
-0.824589302785024
-0.826321062845663
-0.828045045257755
-0.829761233794523
-0.831469612302545
-0.833170164701912
-0.834862874986379
-0.836547727223512
-0.838224705554838
-0.839893794195999
-0.841554977436897
-0.843208239641846
-0.844853565249707
-0.846490938774052
-0.848120344803297
-0.849741768000852
-0.851355193105265
-0.852960604930363
-0.854557988365400
-0.856147328375194
-0.857728610000272
-0.859301818357008
-0.860866938637767
-0.862423956111040
-0.863972856121586
-0.865513624090569
-0.867046245515693
-0.868570705971340
-0.870086991108711
-0.871595086655951
-0.873094978418290
-0.874586652278176
-0.876070094195406
-0.877545290207262
-0.879012226428633
-0.880470889052160
-0.881921264348355
-0.883363338665732
-0.884797098430938
-0.886222530148880
-0.887639620402854
-0.889048355854664
-0.890448723244758
-0.891840709392343
-0.893224301195515
-0.894599485631382
-0.895966249756185
-0.897324580705418
-0.898674465693954
-0.900015892016160
-0.901348847046022
-0.902673318237258
-0.903989293123443
-0.905296759318119
-0.906595704514915
-0.907886116487666
-0.909167983090522
-0.910441292258067
-0.911706032005430
-0.912962190428398
-0.914209755703531
-0.915448716088267
-0.916679059921042
-0.917900775621390
-0.919113851690058
-0.920318276709111
-0.921514039342041
-0.922701128333878
-0.923879532511286
-0.925049240782677
-0.926210242138311
-0.927362525650400
-0.928506080473215
-0.929640895843181
-0.930766961078984
-0.931884265581668
-0.932992798834739
-0.934092550404258
-0.935183509938947
-0.936265667170278
-0.937339011912575
-0.938403534063108
-0.939459223602190
-0.940506070593268
-0.941544065183021
-0.942573197601447
-0.943593458161960
-0.944604837261480
-0.945607325380521
-0.946600913083283
-0.947585591017741
-0.948561349915730
-0.949528180593037
-0.950486073949481
-0.951435020969008
-0.952375012719766
-0.953306040354194
-0.954228095109106
-0.955141168305771
-0.956045251349997
-0.956940335732209
-0.957826413027533
-0.958703474895871
-0.959571513081985
-0.960430519415566
-0.961280485811320
-0.962121404269041
-0.962953266873684
-0.963776065795440
-0.964589793289813
-0.965394441697689
-0.966190003445412
-0.966976471044852
-0.967753837093475
-0.968522094274417
-0.969281235356548
-0.970031253194544
-0.970772140728950
-0.971503890986252
-0.972226497078936
-0.972939952205560
-0.973644249650812
-0.974339382785576
-0.975025345066994
-0.975702130038529
-0.976369731330021
-0.977028142657754
-0.977677357824510
-0.978317370719627
-0.978948175319062
-0.979569765685440
-0.980182135968117
-0.980785280403230
-0.981379193313754
-0.981963869109555
-0.982539302287441
-0.983105487431216
-0.983662419211730
-0.984210092386929
-0.984748501801904
-0.985277642388941
-0.985797509167567
-0.986308097244599
-0.986809401814186
-0.987301418157858
-0.987784141644572
-0.988257567730749
-0.988721691960324
-0.989176509964781
-0.989622017463201
-0.990058210262297
-0.990485084256457
-0.990902635427780
-0.991310859846115
-0.991709753669099
-0.992099313142192
-0.992479534598710
-0.992850414459865
-0.993211949234795
-0.993564135520595
-0.993906970002356
-0.994240449453188
-0.994564570734255
-0.994879330794806
-0.995184726672197
-0.995480755491927
-0.995767414467660
-0.996044700901252
-0.996312612182778
-0.996571145790555
-0.996820299291166
-0.997060070339483
-0.997290456678690
-0.997511456140304
-0.997723066644192
-0.997925286198596
-0.998118112900149
-0.998301544933893
-0.998475580573295
-0.998640218180265
-0.998795456205172
-0.998941293186857
-0.999077727752645
-0.999204758618364
-0.999322384588349
-0.999430604555462
-0.999529417501093
-0.999618822495179
-0.999698818696204
-0.999769405351215
-0.999830581795823
-0.999882347454213
-0.999924701839145
-0.999957644551964
-0.999981175282601
-0.999995293809576
-1
-0.999995293809576
-0.999981175282601
-0.999957644551964
-0.999924701839145
-0.999882347454213
-0.999830581795823
-0.999769405351215
-0.999698818696204
-0.999618822495179
-0.999529417501093
-0.999430604555462
-0.999322384588350
-0.999204758618364
-0.999077727752646
-0.998941293186857
-0.998795456205172
-0.998640218180265
-0.998475580573295
-0.998301544933893
-0.998118112900149
-0.997925286198596
-0.997723066644192
-0.997511456140304
-0.997290456678690
-0.997060070339483
-0.996820299291166
-0.996571145790555
-0.996312612182778
-0.996044700901252
-0.995767414467660
-0.995480755491927
-0.995184726672197
-0.994879330794806
-0.994564570734255
-0.994240449453188
-0.993906970002356
-0.993564135520595
-0.993211949234795
-0.992850414459865
-0.992479534598710
-0.992099313142192
-0.991709753669100
-0.991310859846116
-0.990902635427780
-0.990485084256457
-0.990058210262297
-0.989622017463201
-0.989176509964781
-0.988721691960324
-0.988257567730750
-0.987784141644572
-0.987301418157859
-0.986809401814186
-0.986308097244599
-0.985797509167568
-0.985277642388941
-0.984748501801904
-0.984210092386929
-0.983662419211731
-0.983105487431216
-0.982539302287441
-0.981963869109555
-0.981379193313755
-0.980785280403231
-0.980182135968118
-0.979569765685441
-0.978948175319062
-0.978317370719628
-0.977677357824510
-0.977028142657755
-0.976369731330021
-0.975702130038529
-0.975025345066995
-0.974339382785576
-0.973644249650812
-0.972939952205560
-0.972226497078936
-0.971503890986252
-0.970772140728950
-0.970031253194544
-0.969281235356549
-0.968522094274418
-0.967753837093476
-0.966976471044852
-0.966190003445413
-0.965394441697690
-0.964589793289813
-0.963776065795440
-0.962953266873684
-0.962121404269042
-0.961280485811321
-0.960430519415566
-0.959571513081985
-0.958703474895872
-0.957826413027533
-0.956940335732209
-0.956045251349997
-0.955141168305771
-0.954228095109106
-0.953306040354194
-0.952375012719766
-0.951435020969009
-0.950486073949482
-0.949528180593037
-0.948561349915730
-0.947585591017741
-0.946600913083284
-0.945607325380522
-0.944604837261481
-0.943593458161961
-0.942573197601447
-0.941544065183021
-0.940506070593269
-0.939459223602190
-0.938403534063108
-0.937339011912575
-0.936265667170278
-0.935183509938948
-0.934092550404259
-0.932992798834739
-0.931884265581668
-0.930766961078984
-0.929640895843181
-0.928506080473216
-0.927362525650401
-0.926210242138312
-0.925049240782678
-0.923879532511287
-0.922701128333879
-0.921514039342042
-0.920318276709111
-0.919113851690058
-0.917900775621391
-0.916679059921043
-0.915448716088268
-0.914209755703531
-0.912962190428398
-0.911706032005430
-0.910441292258067
-0.909167983090523
-0.907886116487667
-0.906595704514916
-0.905296759318119
-0.903989293123443
-0.902673318237259
-0.901348847046023
-0.900015892016161
-0.898674465693954
-0.897324580705418
-0.895966249756185
-0.894599485631383
-0.893224301195516
-0.891840709392343
-0.890448723244758
-0.889048355854665
-0.887639620402855
-0.886222530148881
-0.884797098430938
-0.883363338665732
-0.881921264348355
-0.880470889052161
-0.879012226428634
-0.877545290207262
-0.876070094195407
-0.874586652278176
-0.873094978418290
-0.871595086655951
-0.870086991108712
-0.868570705971341
-0.867046245515693
-0.865513624090569
-0.863972856121587
-0.862423956111041
-0.860866938637768
-0.859301818357009
-0.857728610000272
-0.856147328375195
-0.854557988365401
-0.852960604930364
-0.851355193105266
-0.849741768000853
-0.848120344803298
-0.846490938774052
-0.844853565249708
-0.843208239641846
-0.841554977436899
-0.839893794196000
-0.838224705554838
-0.836547727223512
-0.834862874986381
-0.833170164701914
-0.831469612302546
-0.829761233794523
-0.828045045257756
-0.826321062845664
-0.824589302785026
-0.822849781375827
-0.821102514991105
-0.819347520076797
-0.817584813151585
-0.815814410806735
-0.814036329705949
-0.812250586585204
-0.810457198252595
-0.808656181588175
-0.806847553543800
-0.805031331142964
-0.803207531480645
-0.801376171723141
-0.799537269107905
-0.797690840943391
-0.795836904608884
-0.793975477554338
-0.792106577300213
-0.790230221437310
-0.788346427626606
-0.786455213599087
-0.784556597155576
-0.782650596166576
-0.780737228572095
-0.778816512381476
-0.776888465673233
-0.774953106594875
-0.773010453362738
-0.771060524261814
-0.769103337645580
-0.767138911935820
-0.765167265622460
-0.763188417263382
-0.761202385484262
-0.759209188978388
-0.757208846506485
-0.755201376896536
-0.753186799043613
-0.751165131909687
-0.749136394523460
-0.747100605980180
-0.745057785441466
-0.743007952135123
-0.740951125354960
-0.738887324460616
-0.736816568877370
-0.734738878095964
-0.732654271672414
-0.730562769227829
-0.728464390448226
-0.726359155084347
-0.724247082951467
-0.722128193929215
-0.720002507961383
-0.717870045055733
-0.715730825283819
-0.713584868780794
-0.711432195745217
-0.709272826438866
-0.707106781186549
-0.704934080375906
-0.702754744457226
-0.700568793943249
-0.698376249408973
-0.696177131491464
-0.693971460889655
-0.691759258364158
-0.689540544737067
-0.687315340891759
-0.685083667772702
-0.682845546385249
-0.680600997795454
-0.678350043129862
-0.676092703575316
-0.673829000378756
-0.671558954847020
-0.669282588346637
-0.666999922303638
-0.664710978203345
-0.662415777590172
-0.660114342067420
-0.657806693297080
-0.655492852999616
-0.653172842953777
-0.650846684996381
-0.648514401022112
-0.646176012983318
-0.643831542889792
-0.641481012808584
-0.639124444863776
-0.636761861236284
-0.634393284163647
-0.632018735939810
-0.629638238914928
-0.627251815495145
-0.624859488142387
-0.622461279374150
-0.620057211763290
-0.617647307937805
-0.615231590580628
-0.612810082429410
-0.610382806276310
-0.607949784967774
-0.605511041404327
-0.603066598540349
-0.600616479383870
-0.598160706996343
-0.595699304492433
-0.593232295039801
-0.590759701858875
-0.588281548222646
-0.585797857456439
-0.583308652937699
-0.580813958095766
-0.578313796411657
-0.575808191417846
-0.573297166698043
-0.570780745886968
-0.568258952670132
-0.565731810783615
-0.563199344013835
-0.560661576197337
-0.558118531220557
-0.555570233019602
-0.553016705580028
-0.550457972936606
-0.547894059173101
-0.545324988422047
-0.542750784864516
-0.540171472729893
-0.537587076295647
-0.534997619887098
-0.532403127877199
-0.529803624686295
-0.527199134781902
-0.524589682678470
-0.521975292937156
-0.519355990165591
-0.516731799017651
-0.514102744193222
-0.511468850437971
-0.508830142543108
-0.506186645345156
-0.503538383725718
-0.500885382611241
-0.498227666972782
-0.495565261825773
-0.492898192229785
-0.490226483288292
-0.487550160148437
-0.484869248000791
-0.482183772079123
-0.479493757660154
-0.476799230063323
-0.474100214650551
-0.471396736825998
-0.468688822035828
-0.465976495767966
-0.463259783551861
-0.460538710958241
-0.457813303598878
-0.455083587126344
-0.452349587233771
-0.449611329654608
-0.446868840162375
-0.444122144570430
-0.441371268731717
-0.438616238538528
-0.435857079922255
-0.433093818853153
-0.430326481340084
-0.427555093430283
-0.424779681209109
-0.422000270799800
-0.419216888363225
-0.416429560097638
-0.413638312238435
-0.410843171057904
-0.408044162864979
-0.405241314004990
-0.402434650859420
-0.399624199845648
-0.396809987416711
-0.393992040061049
-0.391170384302254
-0.388345046698828
-0.385516053843920
-0.382683432365091
-0.379847208924052
-0.377007410216419
-0.374164062971458
-0.371317193951839
-0.368466829953373
-0.365612997804775
-0.362755724367398
-0.359895036534988
-0.357030961233432
-0.354163525420492
-0.351292756085568
-0.348418680249435
-0.345541324963989
-0.342660717311994
-0.339776884406828
-0.336889853392221
-0.333999651442010
-0.331106305759877
-0.328209843579093
-0.325310292162264
-0.322407678801071
-0.319502030816017
-0.316593375556166
-0.313681740398892
-0.310767152749612
-0.307849640041536
-0.304929229735403
-0.302005949319229
-0.299079826308041
-0.296150888243624
-0.293219162694260
-0.290284677254464
-0.287347459544730
-0.284407537211272
-0.281464937925758
-0.278519689385053
-0.275571819310960
-0.272621355449950
-0.269668325572916
-0.266712757474899
-0.263754678974832
-0.260794117915277
-0.257831102162160
-0.254865659604515
-0.251897818154218
-0.248927605745720
-0.245955050335795
-0.242980179903265
-0.240003022448743
-0.237023605994368
-0.234041958583544
-0.231058108280671
-0.228072083170887
-0.225083911359794
-0.222093620973204
-0.219101240156870
-0.216106797076220
-0.213110319916091
-0.210111836880471
-0.207111376192220
-0.204108966092818
-0.201104634842092
-0.198098410717954
-0.195090322016130
-0.192080397049894
-0.189068664149807
-0.186055151663447
-0.183039887955141
-0.180022901405700
-0.177004220412150
-0.173983873387465
-0.170961888760302
-0.167938294974732
-0.164913120489970
-0.161886393780113
-0.158858143333863
-0.155828397654266
-0.152797185258444
-0.149764534677322
-0.146730474455362
-0.143695033150296
-0.140658239332850
-0.137620121586487
-0.134580708507127
-0.131540028702883
-0.128498110793795
-0.125454983411548
-0.122410675199217
-0.119365214810992
-0.116318630911905
-0.113270952177564
-0.110222207293884
-0.107172424956810
-0.104121633872055
-0.101069862754828
-0.0980171403295608
-0.0949634953296406
-0.0919089564971340
-0.0888535525825256
-0.0857973123444405
-0.0827402645493760
-0.0796824379714301
-0.0766238613920329
-0.0735645635996686
-0.0705045733896147
-0.0674439195636645
-0.0643826309298576
-0.0613207363022102
-0.0582582645004370
-0.0551952443496909
-0.0521317046802840
-0.0490676743274183
-0.0460031821309146
-0.0429382569349423
-0.0398729275877409
-0.0368072229413596
-0.0337411718513781
-0.0306748031766368
-0.0276081457789674
-0.0245412285229136
-0.0214740802754705
-0.0184067299058055
-0.0153392062849884
-0.0122715382857199
-0.00920375478206128
-0.00613588464915561
-0.00306795676296679